id	num	neg|score	neg|p-value	neg|fdr	neg|rank	neg|goodsgrna	neg|lfc	pos|score	pos|p-value	pos|fdr	pos|rank	pos|goodsgrna	pos|lfc
LDLR	120	1.0	1.0	1.0	1090	0	2.651	8.0222e-228	4.5376e-06	0.000707	1	120	2.651
ARFRP1	16	0.93296	0.9346	0.982109	1020	2	0.49069	1.708e-11	4.5376e-06	0.000707	2	12	0.49069
TRAPPC1	16	0.48044	0.54242	0.79647	725	1	0.32642	3.255e-11	4.5376e-06	0.000707	3	13	0.32642
TMED2	16	0.97635	0.96905	0.999874	1056	1	0.44071	3.8272e-11	4.5376e-06	0.000707	4	12	0.44071
GOSR2	16	0.2735	0.30403	0.659559	508	3	0.23096	4.916e-08	4.5376e-06	0.000707	5	12	0.23096
DPAGT1	16	0.97174	0.96446	0.999262	1049	2	0.21806	2.5496e-07	4.5376e-06	0.000707	6	12	0.21806
PREB	16	0.99891	0.99617	1.0	1085	0	0.24552	1.6667e-06	4.5376e-06	0.000707	7	10	0.24552
OST4	16	0.7341	0.76922	0.900454	908	2	0.18171	7.7063e-06	3.1763e-05	0.004332	8	12	0.18171
NUDC	16	0.49593	0.56653	0.807657	745	4	0.15775	9.1712e-06	4.0838e-05	0.00495	9	9	0.15775
INTS1	16	0.75205	0.78536	0.909583	918	2	0.24595	2.1375e-05	6.8064e-05	0.007426	10	11	0.24595
SLC39A7	16	0.82666	0.8632	0.94648	966	2	0.28786	2.8351e-05	9.5289e-05	0.009451	11	10	0.28786
rs141073925	8	0.84594	0.82205	0.924233	975	1	1.1065	7.3452e-05	0.00020419	0.018564	12	5	1.1065
YKT6	16	0.6186	0.66572	0.843556	835	3	0.076299	0.00011502	0.00044922	0.0377	13	8	0.076299
ARCN1	16	0.48988	0.55205	0.798796	738	5	0.041691	0.00015444	0.00051275	0.039958	14	6	0.041691
HYOU1	16	0.54819	0.61202	0.828434	789	2	0.15384	0.0001903	0.0006398	0.046535	15	11	0.15384
BPTF	16	0.97052	0.96256	0.998245	1047	1	0.12826	0.00025713	0.000785	0.053527	16	9	0.12826
rs16841888	8	0.99296	0.98881	1.0	1072	0	0.15503	0.00038828	0.0009302	0.059697	17	7	0.15503
RNASEK-C17orf49	16	0.99982	0.99955	1.0	1089	0	0.18344	0.00039325	0.001266	0.076733	18	10	0.18344
PKLR	16	0.4201	0.49661	0.764199	671	6	0.078681	0.00058175	0.00211	0.121157	19	8	0.078681
ATP6V1G2	16	0.019098	0.013454	0.151322	98	5	0.037949	0.00068011	0.0025637	0.133192	20	6	0.037949
CPSF7	16	0.46702	0.53855	0.796164	712	3	0.13079	0.00075749	0.0026999	0.133888	21	10	0.13079
POC5	16	0.22463	0.21809	0.576115	443	1	0.10656	0.0009778	0.0032534	0.147896	22	11	0.10656
rs7709540	8	0.9983	0.99752	1.0	1083	0	0.14205	0.00098518	0.0025365	0.133192	23	7	0.14205
PARP3	16	0.22141	0.21808	0.576115	438	3	0.13768	0.0010852	0.0034622	0.151089	24	11	0.13768
rs34318965	8	0.99953	0.99938	1.0	1087	0	0.10937	0.0012818	0.0028541	0.135385	25	5	0.10937
HNF1A	16	0.0027585	0.0011843	0.030048	45	7	-0.079052	0.002039	0.0061212	0.245226	26	5	-0.079052
rs61740410	8	0.1587	0.1705	0.528277	334	2	0.093611	0.0026694	0.005858	0.245226	27	4	0.093611
rs28417694	8	0.75414	0.73623	0.883633	920	1	0.15181	0.0028138	0.0062936	0.245226	28	6	0.15181
FAM71B	16	0.35709	0.38765	0.687926	606	6	0.051681	0.0031449	0.0097059	0.35297	29	8	0.051681
BCL9L	16	0.78577	0.81595	0.924233	936	2	0.15305	0.0035669	0.011321	0.398435	30	10	0.15305
GID4	16	0.5085	0.5781	0.807657	754	5	0.12393	0.0038164	0.012156	0.40189	31	9	0.12393
rs58726787	8	0.99557	0.99303	1.0	1075	0	0.15026	0.0040481	0.0082266	0.309491	32	5	0.15026
MAU2	16	0.40279	0.45868	0.735927	654	4	0.045924	0.0044599	0.012937	0.415114	33	6	0.045924
rs2028216	8	0.98826	0.97979	1.0	1068	0	0.18411	0.005006	0.012029	0.40189	34	6	0.18411
LOC105375800	16	0.49253	0.55206	0.798796	741	5	0.050274	0.0062481	0.01781	0.493688	35	7	0.050274
rs62124178	8	0.99967	0.99963	1.0	1088	0	0.16863	0.0063608	0.015278	0.476238	36	6	0.16863
rs143090841	8	0.20005	0.22177	0.580253	405	2	0.54169	0.006952	0.016939	0.486582	37	5	0.54169
rs111589301	8	0.11671	0.10321	0.418584	271	3	0.17761	0.007133	0.016948	0.486582	38	3	0.17761
rs679899	8	0.19136	0.20871	0.56927	385	2	0.11897	0.0080848	0.0181	0.493688	39	4	0.11897
rs369701222	8	0.99668	0.99499	1.0	1076	0	0.14389	0.0089403	0.021077	0.522615	40	5	0.14389
rs72698368	8	0.73133	0.71899	0.87352	901	2	-0.093803	0.0090529	0.021077	0.522615	41	2	-0.093803
rs144941596	8	0.92723	0.87736	0.951494	1016	1	0.1425	0.0090651	0.021077	0.522615	42	5	0.1425
rs148321348	7	0.6324	0.63631	0.838377	848	2	1.2521	0.0093903	0.019543	0.520043	43	5	1.2521
rs4687547	8	0.0022763	0.0013114	0.032516	38	5	-2.1761	0.0096592	0.022166	0.536233	44	3	-2.1761
rs2425106	8	0.80738	0.80116	0.922453	953	2	0.23211	0.010057	0.023101	0.536233	45	4	0.23211
HAPLN4	16	0.98726	0.98269	1.0	1066	1	0.10235	0.010068	0.029689	0.636867	46	9	0.10235
rs12459555	8	0.57232	0.61202	0.828434	805	2	0.66826	0.010449	0.023101	0.536233	47	4	0.66826
rs7152945	8	0.10614	0.097826	0.402783	262	3	0.66664	0.012104	0.024852	0.564872	48	4	0.66664
rs11627279	8	0.8696	0.83065	0.92499	985	1	0.39054	0.012573	0.025896	0.576581	49	3	0.39054
rs10484561	8	0.53853	0.58577	0.8103	785	1	0.11619	0.014321	0.029771	0.636867	50	5	0.11619
SLC29A2	16	0.13071	0.12567	0.470048	291	6	-0.040554	0.014324	0.041723	0.821526	51	4	-0.040554
PPIC	16	0.47896	0.54242	0.79647	723	3	0.1055	0.01569	0.043538	0.821526	52	8	0.1055
rs73015030	8	0.62626	0.64779	0.840217	842	2	0.16746	0.015885	0.035379	0.742289	53	5	0.16746
ICAM3	16	0.12677	0.11726	0.453637	285	4	0.09625	0.016438	0.045199	0.823654	54	9	0.09625
rs115594945	8	0.26891	0.31527	0.660202	504	1	0.13681	0.016971	0.040643	0.82114	55	5	0.13681
rs7135837	8	0.29838	0.34018	0.674114	540	1	0.059007	0.017598	0.040643	0.82114	56	3	0.059007
ZC3H18	16	0.36093	0.39111	0.689334	610	5	0.013448	0.017749	0.048185	0.823654	57	5	0.013448
rs2332368	2	0.98134	0.98412	1.0	1058	0	1.6088	0.018665	0.015877	0.481161	58	2	1.6088
DEF6	16	0.3157	0.3455	0.674114	555	3	-0.0023107	0.019452	0.051887	0.823654	59	5	-0.0023107
EML2	16	0.060105	0.048339	0.295398	185	5	0.05682	0.020028	0.052913	0.823654	60	8	0.05682
rs9791225	8	0.52664	0.57272	0.807657	768	2	0.10535	0.020214	0.043674	0.821526	61	5	0.10535
rs35282906	8	0.48283	0.50092	0.765406	729	3	0.039632	0.020306	0.043674	0.821526	62	4	0.039632
SCX	16	0.64422	0.70156	0.870763	855	3	0.072563	0.020375	0.053221	0.823654	63	9	0.072563
rs2376583	8	0.99848	0.99783	1.0	1084	0	0.099221	0.020758	0.045353	0.823654	64	5	0.099221
CNN1	16	0.8024	0.83497	0.927663	951	4	0.085268	0.021158	0.054782	0.823654	65	8	0.085268
ABCA1	16	0.56834	0.63069	0.838009	801	5	0.036083	0.021609	0.05608	0.823654	66	6	0.036083
rs35116156	8	0.36068	0.38053	0.686281	609	2	0.6053	0.022126	0.048148	0.823654	67	4	0.6053
rs11153594	8	0.89599	0.84348	0.934246	996	1	0.099455	0.022274	0.048157	0.823654	68	5	0.099455
LOC100270746	16	0.29733	0.33546	0.674114	535	3	0.091561	0.023499	0.05951	0.823654	69	8	0.091561
EMP3	16	0.31609	0.3455	0.674114	557	3	0.037806	0.023591	0.05951	0.823654	70	5	0.037806
rs4148218	8	0.23407	0.2787	0.646945	455	3	-0.0059657	0.024422	0.052767	0.823654	71	3	-0.0059657
rs1081797	5	0.15897	0.17875	0.529444	336	2	1.3629	0.02515	0.050154	0.823654	72	3	1.3629
HAVCR1	16	0.11631	0.11029	0.432848	270	4	-0.0024677	0.025534	0.063794	0.836401	73	7	-0.0024677
rs112957492	8	0.29438	0.32774	0.670329	533	2	0.028846	0.025999	0.055744	0.823654	74	3	0.028846
rs625219	8	0.98692	0.97824	1.0	1065	0	0.10638	0.026167	0.055753	0.823654	75	5	0.10638
SOD2-OT1	15	0.18507	0.17568	0.529048	379	4	0.18005	0.028067	0.073822	0.860596	76	6	0.18005
rs6595454	8	0.37109	0.38905	0.687926	623	3	0.032816	0.028328	0.060391	0.823654	77	3	0.032816
rs4334355	8	0.64325	0.65387	0.840217	853	2	0.13648	0.028459	0.0604	0.823654	78	5	0.13648
rs2252589	8	0.47132	0.49234	0.762552	720	2	0.067435	0.028662	0.0604	0.823654	79	4	0.067435
rs13205804	8	0.077832	0.071735	0.358267	215	2	0.10129	0.028901	0.061906	0.823654	80	3	0.10129
LINC01483	16	0.5894	0.63654	0.838377	818	4	0.041264	0.029354	0.070918	0.849925	81	6	0.041264
INSIG2	16	0.48322	0.54781	0.798796	731	3	0.12288	0.029659	0.071326	0.849925	82	7	0.12288
rs28666735	8	0.14472	0.14454	0.494075	312	2	0.078086	0.029692	0.065164	0.836401	83	4	0.078086
rs149848188	7	0.28976	0.31448	0.660202	528	3	0.88805	0.030076	0.060735	0.823654	84	4	0.88805
rs2268026	8	0.13068	0.12838	0.470048	290	3	0.13474	0.030215	0.066743	0.846707	85	5	0.13474
rs3758413	8	0.99896	0.9985	1.0	1086	0	0.099505	0.031227	0.069647	0.849925	86	4	0.099505
rs12921355	8	0.19392	0.21763	0.576115	394	4	-0.37823	0.031492	0.069647	0.849925	87	3	-0.37823
rs150090162	8	0.86233	0.82833	0.92499	982	1	0.09382	0.031502	0.069647	0.849925	88	5	0.09382
GCOM1	16	0.42795	0.49901	0.765406	679	4	0.022911	0.032021	0.080147	0.867875	89	7	0.022911
rs75042695	8	0.99742	0.99643	1.0	1079	0	0.086461	0.032114	0.071671	0.849925	90	5	0.086461
rs34168767	6	0.30323	0.3281	0.670329	546	3	0.16196	0.03252	0.064638	0.836401	91	2	0.16196
ATP13A1	16	0.82538	0.8632	0.94648	965	3	0.04445	0.03255	0.081118	0.867875	92	6	0.04445
rs139574571	8	0.18479	0.18923	0.533464	377	1	-0.010431	0.033342	0.076399	0.867875	93	3	-0.010431
rs76055432	8	0.58794	0.6257	0.838009	816	2	0.07147	0.03342	0.076408	0.867875	94	4	0.07147
rs35643447	3	0.3701	0.33716	0.674114	621	1	0.32205	0.033923	0.049464	0.823654	95	1	0.32205
rs715285	8	0.19497	0.21763	0.576115	396	3	0.061424	0.035315	0.0813	0.867875	96	4	0.061424
UBR2	16	0.90775	0.91544	0.969276	999	3	0.061005	0.035526	0.0918	0.886314	97	7	0.061005
rs12603589	8	0.98592	0.97585	1.0	1062	0	0.085322	0.035725	0.0813	0.867875	98	5	0.085322
rs892115	8	0.99781	0.9969	1.0	1080	0	0.1048	0.03601	0.081309	0.867875	99	5	0.1048
rs11654177	3	0.089711	0.086917	0.399018	234	2	-1.3593	0.036165	0.049473	0.823654	100	1	-1.3593
rs535064984	5	0.062437	0.05431	0.307569	190	3	-1.5537	0.036226	0.061534	0.823654	101	2	-1.5537
rs55809639	8	0.52981	0.57621	0.807657	774	1	0.07884	0.036374	0.081309	0.867875	102	4	0.07884
DAGLA	16	0.87983	0.89719	0.962891	988	3	0.077034	0.036795	0.092961	0.889656	103	8	0.077034
rs9495298	8	0.10191	0.0969	0.402783	255	3	0.093812	0.03787	0.081935	0.867875	104	4	0.093812
DNAH1	16	0.79613	0.82447	0.924471	945	4	0.077505	0.038358	0.096945	0.903094	105	8	0.077505
rs192694998	7	0.35547	0.38103	0.686281	601	2	1.0205	0.039303	0.074149	0.860596	106	4	1.0205
rs185276219	8	0.99824	0.99751	1.0	1082	0	0.10745	0.039481	0.0863	0.886314	107	5	0.10745
ITGA2	16	0.49792	0.56653	0.807657	747	5	0.0099224	0.039959	0.09827	0.903094	108	4	0.0099224
rs6016373	8	0.086464	0.084694	0.398323	228	4	0.0052159	0.039983	0.087598	0.886314	109	4	0.0052159
UCKL1-AS1	16	0.051685	0.042721	0.275792	170	8	-0.14541	0.041176	0.10156	0.91576	110	5	-0.14541
rs10148810	8	0.84869	0.82206	0.924233	976	1	0.11373	0.041792	0.089113	0.886314	111	5	0.11373
rs10020461	8	0.82432	0.80915	0.922453	964	1	0.085858	0.042111	0.09062	0.886314	112	5	0.085858
rs13064064	8	0.086039	0.083423	0.397445	226	1	0.11585	0.042228	0.09062	0.886314	113	5	0.11585
rs6841211	8	0.63064	0.64981	0.840217	844	1	0.090727	0.042324	0.09062	0.886314	114	5	0.090727
rs11653988	8	0.24637	0.29624	0.659559	474	1	0.011049	0.043394	0.091192	0.886314	115	3	0.011049
KMT2A	16	0.50562	0.57663	0.807657	752	3	0.035178	0.043591	0.10895	0.927955	116	7	0.035178
GNAT2	16	0.17469	0.16467	0.528277	361	7	-0.025812	0.044118	0.11073	0.927955	117	7	-0.025812
rs13421669	8	0.52763	0.57272	0.807657	770	2	0.063335	0.044349	0.091192	0.886314	118	4	0.063335
DENND4C	16	0.5733	0.63275	0.838009	806	4	0.041217	0.045448	0.11341	0.930284	119	8	0.041217
rs12317452	8	0.5929	0.62773	0.838009	820	2	0.040796	0.047232	0.096101	0.903094	120	4	0.040796
LRPAP1	16	0.89236	0.90447	0.964776	993	3	0.077423	0.048272	0.11935	0.93839	121	7	0.077423
rs73231952	8	0.84922	0.82206	0.924233	977	1	0.15049	0.048421	0.097635	0.903094	122	5	0.15049
rs4969184	8	0.98422	0.97507	1.0	1061	0	0.088861	0.048596	0.099332	0.903094	123	5	0.088861
rs9625962	8	0.74214	0.72778	0.879653	913	2	0.052365	0.048633	0.099332	0.903094	124	3	0.052365
rs11130311	8	0.97242	0.9482	0.986813	1050	0	0.021042	0.050582	0.10681	0.927955	125	3	0.021042
rs174555	8	0.24228	0.29226	0.657436	468	4	0.022027	0.05118	0.10682	0.927955	126	4	0.022027
rs7268195	8	0.4265	0.45216	0.735189	678	2	0.10722	0.051254	0.10682	0.927955	127	4	0.10722
rs2897096	8	0.96746	0.9373	0.982314	1044	0	0.086666	0.051401	0.10682	0.927955	128	4	0.086666
SNAI3-AS1	16	0.96154	0.95849	0.994965	1039	2	0.064316	0.051729	0.12117	0.93839	129	8	0.064316
rs149975565	8	0.44451	0.46978	0.744956	694	3	0.001968	0.052518	0.10903	0.927955	130	2	0.001968
rs148303016	4	0.34973	0.369	0.684366	598	1	0.65935	0.053392	0.08866	0.886314	131	3	0.65935
rs62084249	8	0.49424	0.52131	0.780175	743	2	0.063293	0.053417	0.11	0.927955	132	4	0.063293
rs12450907	8	0.96694	0.9353	0.982109	1042	0	0.071556	0.054176	0.11087	0.927955	133	4	0.071556
rs4679881	8	0.95784	0.91775	0.969276	1038	1	0.011395	0.054912	0.11227	0.927955	134	3	0.011395
EEF1DP3	8	0.67595	0.67811	0.851343	874	2	0.039504	0.055019	0.11227	0.927955	135	4	0.039504
THOP1	16	0.43196	0.50414	0.767106	684	4	0.05386	0.056691	0.13072	0.96751	136	6	0.05386
rs28709068	8	0.075197	0.068404	0.34711	212	4	-0.11384	0.056991	0.11873	0.93839	137	2	-0.11384
rs28661185	8	0.070699	0.059937	0.315899	205	5	-0.076455	0.058925	0.11874	0.93839	138	2	-0.076455
rs34555037	8	0.79007	0.78044	0.904846	942	1	0.087945	0.059755	0.11874	0.93839	139	4	0.087945
rs138764179	8	0.48658	0.51027	0.771077	733	2	0.056895	0.060884	0.1198	0.93839	140	4	0.056895
rs754523	8	0.62153	0.64778	0.840217	838	2	0.10198	0.061387	0.1198	0.93839	141	4	0.10198
HGFAC	16	0.58713	0.63545	0.838377	815	5	0.027408	0.06321	0.15108	0.999233	142	6	0.027408
rs141887102	8	0.20949	0.23152	0.585721	414	2	0.020093	0.065057	0.12557	0.93839	143	3	0.020093
TMEM258	16	0.39633	0.4493	0.735189	646	6	0.016674	0.065128	0.15151	0.999233	144	7	0.016674
rs9297994	8	0.95513	0.91367	0.969276	1034	1	0.10433	0.06567	0.12557	0.93839	145	4	0.10433
rs10104997	8	0.10905	0.097835	0.402783	267	1	0.085656	0.065927	0.12558	0.93839	146	4	0.085656
rs7629	8	0.99295	0.98881	1.0	1071	0	0.0070312	0.066165	0.12558	0.93839	147	3	0.0070312
rs7276046	8	0.30928	0.34166	0.674114	551	1	0.079564	0.066278	0.12558	0.93839	148	4	0.079564
ACAD11	16	0.04201	0.03106	0.242044	148	3	0.01134	0.066811	0.15351	0.999233	149	5	0.01134
DMTF1	16	0.035866	0.024898	0.215582	131	8	-0.091334	0.067478	0.15352	0.999233	150	6	-0.091334
rs34605008	8	0.68684	0.68918	0.860293	880	2	0.0070897	0.068393	0.1326	0.96751	151	3	0.0070897
rs2425122	8	0.79996	0.79254	0.914982	949	2	0.095687	0.068801	0.1326	0.96751	152	4	0.095687
PIPSL	16	0.34097	0.37945	0.686281	591	5	0.0041171	0.069037	0.15874	0.999233	153	6	0.0041171
WFDC1	16	0.65029	0.71014	0.87352	857	4	0.054971	0.069213	0.15874	0.999233	154	7	0.054971
CDK5RAP3	16	0.089269	0.081681	0.394309	231	6	-0.016494	0.069234	0.15874	0.999233	155	4	-0.016494
FLAD1	16	0.21434	0.20503	0.566299	427	5	0.011676	0.069236	0.15874	0.999233	156	7	0.011676
TRAPPC2L	16	0.56957	0.63274	0.838009	802	2	0.049952	0.069452	0.15874	0.999233	157	6	0.049952
MIR5192	4	0.13096	0.14925	0.500528	292	2	-0.0067096	0.069705	0.12171	0.93839	158	2	-0.0067096
rs12940298	8	0.46996	0.49234	0.762552	718	3	-0.0042032	0.07179	0.13391	0.96751	159	3	-0.0042032
rs10177015	8	0.43293	0.45755	0.735927	687	2	0.071727	0.071834	0.13391	0.96751	160	4	0.071727
SP2-AS1	16	0.51406	0.58039	0.807657	759	5	0.040033	0.072186	0.16423	0.999233	161	7	0.040033
THCAT158	16	0.54355	0.60898	0.826369	788	5	0.0078266	0.072782	0.16424	0.999233	162	5	0.0078266
HERPUD2	16	0.69607	0.753	0.895652	884	3	0.042229	0.073099	0.16424	0.999233	163	6	0.042229
rs2066066	8	0.27056	0.31528	0.660202	505	3	0.054502	0.073511	0.1386	0.994822	164	4	0.054502
TMEM138	16	0.86294	0.89101	0.960284	983	3	0.039242	0.073756	0.16526	0.999233	165	6	0.039242
GCNT4	16	0.72715	0.76576	0.900454	899	3	0.015054	0.074826	0.16895	0.999233	166	6	0.015054
VPS37B	16	0.18071	0.16672	0.528277	371	7	-0.066113	0.07498	0.16896	0.999233	167	3	-0.066113
rs3851808	8	0.18422	0.18586	0.529444	376	2	0.087149	0.075246	0.14684	0.999233	168	4	0.087149
rs34709043	8	0.30173	0.34018	0.674114	545	3	-0.03812	0.076801	0.14822	0.999233	169	2	-0.03812
rs148095123	8	0.28783	0.32614	0.670329	527	2	0.056695	0.077762	0.15006	0.999233	170	4	0.056695
PLGRKT	16	0.93921	0.94209	0.983557	1022	3	0.022903	0.078996	0.1776	0.999233	171	5	0.022903
ZNF512B	16	0.19872	0.18737	0.530963	401	4	0.051822	0.081086	0.18108	0.999233	172	7	0.051822
rs59064961	7	0.146	0.15547	0.513996	317	4	-0.64667	0.081806	0.16038	0.999233	173	2	-0.64667
KIAA0895	16	0.79726	0.82448	0.924471	947	4	0.018475	0.082773	0.18316	0.999233	174	7	0.018475
rs28678377	8	0.5428	0.58777	0.8103	787	2	0.0993	0.08293	0.15982	0.999233	175	2	0.0993
rs7531579	8	0.98198	0.96963	0.999874	1059	0	0.64038	0.083174	0.15982	0.999233	176	4	0.64038
rs141355535	8	0.20782	0.23022	0.585721	412	2	0.39365	0.083273	0.15982	0.999233	177	4	0.39365
rs147939289	8	0.30335	0.34019	0.674114	547	3	0.057912	0.083371	0.15982	0.999233	178	4	0.057912
rs56941405	8	0.046348	0.041024	0.273619	160	3	0.29844	0.084135	0.16121	0.999233	179	3	0.29844
rs71311868	8	0.92365	0.87128	0.948672	1011	1	0.047782	0.084555	0.16122	0.999233	180	3	0.047782
rs55703214	8	0.27806	0.32059	0.667495	516	3	0.0086607	0.086232	0.16296	0.999233	181	3	0.0086607
rs200339704	8	0.94195	0.89162	0.960284	1024	1	0.077906	0.086363	0.16296	0.999233	182	4	0.077906
rs6420899	8	0.52946	0.57621	0.807657	772	2	0.069482	0.086565	0.16296	0.999233	183	4	0.069482
rs35304654	8	0.13646	0.13254	0.47712	301	4	-0.025606	0.086752	0.16296	0.999233	184	3	-0.025606
rs11708075	8	0.78986	0.78044	0.904846	941	2	0.35232	0.087984	0.16766	0.999233	185	4	0.35232
rs6570297	8	0.22882	0.27249	0.639301	446	3	0.0093313	0.08799	0.16766	0.999233	186	2	0.0093313
rs9377232	8	0.58635	0.6257	0.838009	814	2	0.02186	0.089314	0.17075	0.999233	187	4	0.02186
rs28461471	8	0.16756	0.17349	0.528277	349	3	0.054945	0.089828	0.17075	0.999233	188	4	0.054945
rs2980860	8	0.98597	0.97585	1.0	1063	0	0.14266	0.091489	0.17276	0.999233	189	3	0.14266
rs10846505	7	0.87348	0.80702	0.922453	987	1	0.0208	0.091719	0.1716	0.999233	190	2	0.0208
rs71084197	6	0.32899	0.36701	0.684366	575	1	0.68242	0.093222	0.14743	0.999233	191	3	0.68242
rs1495743	8	0.65602	0.66078	0.840217	861	2	0.031703	0.094614	0.17692	0.999233	192	3	0.031703
rs188617624	8	0.99706	0.99581	1.0	1078	0	0.096413	0.094641	0.17692	0.999233	193	4	0.096413
rs60358007	8	0.51304	0.55148	0.798796	758	1	0.076494	0.096348	0.17956	0.999233	194	4	0.076494
rs11944752	8	0.83219	0.81349	0.924233	969	1	0.073089	0.097183	0.17956	0.999233	195	4	0.073089
RAB20	16	0.72623	0.76451	0.900454	898	2	0.0055335	0.097728	0.22297	1.0	196	6	0.0055335
rs141257676	8	0.29388	0.32774	0.670329	532	3	0.075542	0.097986	0.17956	0.999233	197	4	0.075542
rs67539070	8	0.97073	0.94819	0.986813	1048	0	0.035722	0.098622	0.17957	0.999233	198	3	0.035722
rs2302206	8	0.94356	0.89163	0.960284	1026	1	0.080277	0.09916	0.17957	0.999233	199	4	0.080277
P4HA2-AS1	16	0.46304	0.53472	0.793716	708	5	-0.0035392	0.10135	0.22298	1.0	200	6	-0.0035392
rs75687619	8	0.39831	0.42939	0.719616	650	2	0.10099	0.10146	0.18317	0.999233	201	4	0.10099
PPP1R32	16	0.59653	0.64197	0.840217	822	2	0.022082	0.10284	0.22983	1.0	202	6	0.022082
rs34976342	8	0.23944	0.29225	0.657436	463	3	0.018497	0.10288	0.18318	0.999233	203	2	0.018497
rs17427445	8	0.33208	0.36039	0.674431	580	1	0.065312	0.10425	0.1861	1.0	204	4	0.065312
rs11655797	8	0.4404	0.46719	0.743014	692	3	0.49404	0.10515	0.18851	1.0	205	4	0.49404
rs2479409	8	0.11944	0.10421	0.419513	273	3	-0.047384	0.10597	0.18851	1.0	206	1	-0.047384
rs174551	8	0.091904	0.088133	0.399018	237	3	-0.0084091	0.1071	0.18852	1.0	207	3	-0.0084091
rs12480194	8	0.85869	0.82638	0.92499	981	1	0.36355	0.10936	0.19404	1.0	208	4	0.36355
CTU2	16	0.49997	0.56654	0.807657	751	5	0.050309	0.10959	0.24733	1.0	209	7	0.050309
rs3774365	8	0.41084	0.43999	0.72621	661	3	0.003211	0.11074	0.19583	1.0	210	2	0.003211
ST8SIA6-AS1	12	0.66935	0.71374	0.87352	868	3	0.025091	0.11116	0.22784	1.0	211	5	0.025091
rs11686036	8	0.36418	0.38452	0.687926	611	3	-0.010722	0.11123	0.19584	1.0	212	3	-0.010722
ZNF132	16	0.44079	0.50994	0.771077	693	5	0.017515	0.1116	0.24877	1.0	213	6	0.017515
SPAG7	16	0.0059403	0.0030629	0.06197	56	8	-0.078422	0.11198	0.24877	1.0	214	5	-0.078422
RTEL1	16	0.50786	0.5781	0.807657	753	5	-0.036283	0.11217	0.24877	1.0	215	5	-0.036283
rs72838069	8	0.9051	0.84967	0.938254	998	1	0.21808	0.1139	0.20507	1.0	216	4	0.21808
rs150770378	8	0.39918	0.4294	0.719616	651	2	0.035938	0.11449	0.20658	1.0	217	4	0.035938
TMPRSS11B	16	0.23362	0.23105	0.585721	454	6	-0.016251	0.11494	0.25362	1.0	218	6	-0.016251
rs140159255	8	0.74461	0.73048	0.879653	915	1	0.13935	0.11497	0.20911	1.0	219	4	0.13935
rs4687636	8	0.68362	0.68917	0.860293	879	1	0.11234	0.11532	0.20912	1.0	220	4	0.11234
CDKN2A-AS1	16	0.89292	0.90447	0.964776	994	3	0.072199	0.11571	0.25592	1.0	221	7	0.072199
PPARD	16	0.49715	0.56653	0.807657	746	4	0.032024	0.11685	0.25592	1.0	222	4	0.032024
rs11867517	6	0.093461	0.086527	0.399018	242	4	-0.28138	0.11753	0.19046	1.0	223	2	-0.28138
rs59366868	8	0.39174	0.41695	0.70907	643	2	-0.03958	0.11761	0.21154	1.0	224	3	-0.03958
rs13095332	6	0.55241	0.54836	0.798796	792	2	-0.046438	0.11807	0.19241	1.0	225	2	-0.046438
GPR4	16	0.63824	0.69355	0.864764	851	5	0.052648	0.11906	0.2566	1.0	226	7	0.052648
rs60285171	7	0.034387	0.031949	0.244444	127	5	-0.3092	0.11931	0.21126	1.0	227	1	-0.3092
rs9973811	8	0.015723	0.011711	0.13739	92	5	-0.17144	0.11944	0.21155	1.0	228	2	-0.17144
rs4806498	8	0.15651	0.16794	0.528277	330	3	0.037975	0.12063	0.21713	1.0	229	3	0.037975
rs73004836	8	0.4471	0.4751	0.750118	698	3	-0.059002	0.12124	0.22154	1.0	230	3	-0.059002
rs9869276	8	0.92315	0.87128	0.948672	1010	1	0.064285	0.12127	0.22154	1.0	231	3	0.064285
rs34523546	7	0.89344	0.83084	0.92499	995	1	0.29385	0.12251	0.21127	1.0	232	2	0.29385
rs4818015	8	0.17685	0.18271	0.529444	364	4	-0.073077	0.12283	0.22155	1.0	233	3	-0.073077
LOC101929054	16	0.8018	0.83088	0.92499	950	4	0.0095131	0.1231	0.26652	1.0	234	5	0.0095131
rs6517535	8	0.34815	0.37608	0.684995	596	1	-0.038662	0.12399	0.22446	1.0	235	3	-0.038662
SURF4	16	0.32514	0.34823	0.674114	569	3	0.069332	0.12476	0.26827	1.0	236	7	0.069332
ATXN7L2	16	0.71425	0.76307	0.900454	892	3	0.041187	0.12644	0.27672	1.0	237	5	0.041187
rs17212469	8	0.92301	0.87128	0.948672	1009	1	0.043321	0.12689	0.2303	1.0	238	4	0.043321
rs59950564	8	0.26868	0.31527	0.660202	502	3	0.01027	0.12695	0.23031	1.0	239	2	0.01027
rs9977762	8	0.62455	0.64779	0.840217	840	2	-0.1923	0.12708	0.23031	1.0	240	3	-0.1923
rs11652261	8	0.71769	0.71367	0.87352	895	1	0.57778	0.12751	0.2333	1.0	241	4	0.57778
rs9869940	8	0.7643	0.74836	0.891343	925	2	0.039084	0.12814	0.23331	1.0	242	4	0.039084
rs10713771	8	0.58884	0.6257	0.838009	817	2	-0.029089	0.12854	0.23618	1.0	243	1	-0.029089
DNAJC5G	16	0.25612	0.28047	0.648295	487	6	-0.063263	0.12934	0.27925	1.0	244	5	-0.063263
rs77184128	8	0.34592	0.37417	0.684995	594	3	-0.057196	0.13086	0.24247	1.0	245	2	-0.057196
XKR6	16	0.50997	0.57926	0.807657	756	5	0.012928	0.1316	0.28356	1.0	246	5	0.012928
CHRNE	16	0.2991	0.33547	0.674114	541	5	0.04731	0.13182	0.28356	1.0	247	7	0.04731
rs60201663	8	0.97283	0.9482	0.986813	1051	0	0.048533	0.13231	0.24247	1.0	248	4	0.048533
rs8078314	8	0.98112	0.96845	0.999874	1057	0	0.014791	0.13272	0.24247	1.0	249	3	0.014791
TRPM4	16	0.11423	0.1086	0.427726	268	5	-0.011098	0.13325	0.28357	1.0	250	4	-0.011098
DNAH17	16	0.042452	0.032466	0.245978	149	5	0.002061	0.13422	0.28357	1.0	251	7	0.002061
MBOAT7	16	0.14139	0.13468	0.47865	309	6	-0.020198	0.13457	0.28357	1.0	252	3	-0.020198
OSGIN1	16	0.28242	0.30891	0.659559	519	6	-0.00095539	0.13552	0.28357	1.0	253	6	-0.00095539
BCAT2	16	0.17011	0.16206	0.528277	354	6	0.070501	0.13753	0.28459	1.0	254	7	0.070501
rs11717417	8	0.73306	0.71899	0.87352	906	2	0.36251	0.13812	0.25719	1.0	255	4	0.36251
rs7408517	8	0.37435	0.39876	0.6935	625	1	-0.010077	0.13848	0.25719	1.0	256	3	-0.010077
MIR5089	8	0.91932	0.86942	0.948672	1008	1	0.077829	0.13865	0.25719	1.0	257	4	0.077829
rs61849708	8	0.095243	0.091791	0.402783	245	2	0.068524	0.13928	0.25881	1.0	258	4	0.068524
rs11720432	8	0.028612	0.02478	0.215582	120	3	-0.061282	0.13934	0.25881	1.0	259	3	-0.061282
FAM20A	16	0.61661	0.66065	0.840217	833	5	0.036962	0.13946	0.28672	1.0	260	7	0.036962
rs113722226	8	0.63121	0.64981	0.840217	846	2	0.067543	0.14009	0.25882	1.0	261	4	0.067543
NSA2	16	0.0711	0.060572	0.317712	208	7	-0.044061	0.14073	0.28832	1.0	262	5	-0.044061
rs35538083	6	0.52319	0.5337	0.793716	763	1	0.2282	0.14112	0.24092	1.0	263	3	0.2282
rs17242499	8	0.99263	0.98839	1.0	1070	0	0.41313	0.14235	0.26032	1.0	264	3	0.41313
SLC44A1	16	0.97514	0.96843	0.999874	1053	2	0.036807	0.14399	0.28979	1.0	265	6	0.036807
rs9287907	8	0.30118	0.34018	0.674114	544	3	-0.044713	0.14425	0.26332	1.0	266	2	-0.044713
rs66597435	8	0.31442	0.35033	0.674114	554	3	-0.061394	0.14469	0.26664	1.0	267	2	-0.061394
rs1042023	8	0.94641	0.89846	0.962891	1028	1	0.069615	0.14513	0.26665	1.0	268	4	0.069615
rs7968440	8	0.39098	0.41695	0.70907	642	2	-0.037668	0.14528	0.26665	1.0	269	1	-0.037668
KAT14	16	0.1062	0.10187	0.417833	263	8	-0.068811	0.14532	0.29074	1.0	270	3	-0.068811
rs138767	8	0.24211	0.29226	0.657436	466	4	-0.050063	0.14568	0.26818	1.0	271	3	-0.050063
rs9484218	8	0.78941	0.78044	0.904846	940	2	-0.0059521	0.14599	0.26818	1.0	272	3	-0.0059521
rs17212581	8	0.44594	0.47257	0.748301	696	3	-0.071686	0.14681	0.26818	1.0	273	3	-0.071686
rs150099197	8	0.0023921	0.0013658	0.033113	40	3	0.0074535	0.14714	0.26818	1.0	274	3	0.0074535
rs6874202	8	0.068393	0.058285	0.315899	201	2	0.050866	0.14729	0.26818	1.0	275	4	0.050866
VIM-AS1	16	0.72483	0.76451	0.900454	897	4	0.016622	0.14831	0.29599	1.0	276	6	0.016622
BRD2	16	0.030875	0.021449	0.198313	123	4	-0.0261	0.14958	0.30061	1.0	277	3	-0.0261
rs6595459	8	0.085954	0.083423	0.397445	225	3	0.06389	0.14959	0.2713	1.0	278	4	0.06389
rs28451714	8	0.33572	0.37072	0.684366	587	3	0.057709	0.1503	0.27131	1.0	279	3	0.057709
rs11652539	8	0.39085	0.41694	0.70907	641	2	-0.013323	0.15061	0.27131	1.0	280	3	-0.013323
rs4240370	8	0.8105	0.80476	0.922453	955	1	0.041955	0.15179	0.27131	1.0	281	4	0.041955
rs62255396	8	0.33437	0.3604	0.674431	584	2	0.13798	0.15296	0.27131	1.0	282	1	0.13798
rs6072328	8	0.99698	0.99568	1.0	1077	0	0.093974	0.15356	0.27277	1.0	283	4	0.093974
rs112369586	7	0.56649	0.58823	0.8103	799	2	0.057222	0.15359	0.25183	1.0	284	3	0.057222
rs1500187	8	0.18592	0.19253	0.541377	380	2	0.0066799	0.15439	0.27278	1.0	285	4	0.0066799
rs13194714	8	0.56497	0.60207	0.820935	797	2	0.053275	0.15518	0.27612	1.0	286	3	0.053275
rs115960004	8	0.7415	0.72778	0.879653	912	1	0.1217	0.15536	0.27612	1.0	287	4	0.1217
rs55938402	8	0.71101	0.70411	0.871945	889	2	0.085105	0.15578	0.27612	1.0	288	4	0.085105
rs17212518	8	0.1068	0.097826	0.402783	264	2	0.03256	0.15591	0.27612	1.0	289	4	0.03256
rs10774625	8	0.99312	0.98882	1.0	1073	0	0.057239	0.15661	0.27612	1.0	290	4	0.057239
rs13205738	6	0.27301	0.29446	0.659559	507	3	-0.17201	0.15722	0.26366	1.0	291	2	-0.17201
rs74366004	8	0.19834	0.22053	0.580253	400	3	0.032993	0.15766	0.27613	1.0	292	3	0.032993
rs6938764	8	0.16233	0.17191	0.528277	342	1	0.078072	0.15787	0.27613	1.0	293	4	0.078072
rs62440382	4	0.28396	0.27424	0.639301	522	2	0.023988	0.1586	0.21849	1.0	294	2	0.023988
SCARNA8	16	0.67423	0.73799	0.884773	871	4	-0.02223	0.15865	0.31394	1.0	295	5	-0.02223
rs17053834	8	0.22323	0.26813	0.639301	441	3	-0.015613	0.15875	0.27613	1.0	296	4	-0.015613
ELOF1	16	0.17763	0.16541	0.528277	365	4	0.0225	0.15902	0.31561	1.0	297	6	0.0225
rs6882345	8	0.78121	0.7685	0.900454	933	2	0.060139	0.15983	0.27766	1.0	298	4	0.060139
rs2425089	8	0.97458	0.94972	0.986813	1052	0	0.070986	0.15994	0.27766	1.0	299	3	0.070986
SIX5	16	0.075081	0.065019	0.337789	211	7	-0.084903	0.16036	0.31561	1.0	300	5	-0.084903
ADAP1	16	0.66216	0.72317	0.876639	865	5	-0.0042729	0.16058	0.31561	1.0	301	4	-0.0042729
rs145060323	8	0.063885	0.056751	0.311185	194	4	-0.14475	0.16058	0.27766	1.0	302	2	-0.14475
rs149374090	8	0.24584	0.29624	0.659559	473	3	-0.32712	0.16131	0.27766	1.0	303	3	-0.32712
rs2016072	8	0.33732	0.37072	0.684366	589	2	0.042797	0.16209	0.27766	1.0	304	4	0.042797
rs4604177	8	0.81799	0.80915	0.922453	960	1	0.028768	0.1635	0.27767	1.0	305	4	0.028768
rs7152584	8	0.8166	0.80708	0.922453	959	1	0.070303	0.16373	0.27767	1.0	306	4	0.070303
rs9913656	7	0.1664	0.19534	0.545048	346	3	0.24917	0.1646	0.27073	1.0	307	3	0.24917
rs72951954	8	0.27507	0.31769	0.662713	512	3	0.073064	0.16529	0.27767	1.0	308	3	0.073064
rs35757209	8	0.83431	0.81552	0.924233	970	1	0.15966	0.16546	0.28079	1.0	309	3	0.15966
rs62084212	8	0.46544	0.49233	0.762552	710	3	0.15229	0.16563	0.28079	1.0	310	3	0.15229
rs4148784	8	0.14211	0.14026	0.493628	310	3	-0.0041652	0.16605	0.28079	1.0	311	2	-0.0041652
rs11611141	6	0.32826	0.36701	0.684366	573	2	-0.049647	0.16691	0.27895	1.0	312	2	-0.049647
rs4485425	8	0.8124	0.80477	0.922453	957	1	0.085551	0.16708	0.28079	1.0	313	4	0.085551
MIR100HG	16	0.52697	0.58937	0.810851	769	4	0.058628	0.16711	0.32404	1.0	314	6	0.058628
rs4568494	8	0.047534	0.041387	0.273619	162	2	0.0086749	0.16872	0.2808	1.0	315	3	0.0086749
rs111355356	8	0.78938	0.78044	0.904846	939	1	0.058484	0.16877	0.2808	1.0	316	3	0.058484
rs142375406	8	0.33352	0.3604	0.674431	582	3	-0.11026	0.1693	0.2808	1.0	317	3	-0.11026
rs188773775	6	0.16945	0.17749	0.529444	353	2	-0.19324	0.16997	0.29178	1.0	318	2	-0.19324
CCHCR1	16	0.33112	0.34933	0.674114	579	6	-0.024529	0.17017	0.32686	1.0	319	5	-0.024529
rs1579294	8	0.63376	0.65184	0.840217	849	2	-0.0056576	0.17017	0.2808	1.0	320	3	-0.0056576
rs2522056	8	0.397	0.42199	0.713785	648	2	0.0268	0.17026	0.2808	1.0	321	4	0.0268
SMURF2P1-LRRC37BP1	16	0.076775	0.065019	0.337789	213	5	0.01275	0.17097	0.32686	1.0	322	6	0.01275
rs112520440	8	0.19384	0.21763	0.576115	393	2	0.03191	0.17218	0.28525	1.0	323	3	0.03191
rs10174731	8	0.36031	0.38053	0.686281	608	3	0.054637	0.17244	0.28525	1.0	324	4	0.054637
rs148294826	8	0.95535	0.91367	0.969276	1035	1	0.05447	0.17299	0.28849	1.0	325	3	0.05447
SULT4A1	16	0.62445	0.66989	0.845887	839	4	-0.00026787	0.17318	0.33021	1.0	326	4	-0.00026787
TIGD5	16	0.41806	0.49276	0.762552	669	6	-0.082631	0.17383	0.33484	1.0	327	5	-0.082631
rs6882842	6	0.8831	0.80869	0.922453	991	1	-0.040566	0.17397	0.2973	1.0	328	2	-0.040566
HCG27	16	0.26545	0.29837	0.659559	498	7	-0.041076	0.17421	0.33485	1.0	329	4	-0.041076
RNF157	16	0.60969	0.65961	0.840217	827	3	-0.030863	0.17521	0.33678	1.0	330	4	-0.030863
rs597331	8	0.27407	0.31769	0.662713	509	1	0.060178	0.17596	0.30114	1.0	331	4	0.060178
rs9864824	8	0.70309	0.70131	0.870763	886	2	0.0079245	0.17736	0.31361	1.0	332	2	0.0079245
rs496449	8	0.33518	0.36893	0.684366	586	2	0.047753	0.1776	0.31362	1.0	333	3	0.047753
MPP3	16	0.32339	0.34652	0.674114	565	5	-0.027112	0.17813	0.34115	1.0	334	3	-0.027112
rs9390626	8	0.2673	0.31527	0.660202	500	3	-0.05707	0.1785	0.31522	1.0	335	3	-0.05707
ADAM21	16	0.48117	0.54242	0.79647	726	4	0.0053197	0.17896	0.34116	1.0	336	6	0.0053197
rs118039278	8	0.43136	0.45754	0.735927	682	2	-0.029203	0.17924	0.31522	1.0	337	2	-0.029203
rs1454325	7	0.2825	0.31036	0.660202	520	2	-0.23851	0.17991	0.30051	1.0	338	3	-0.23851
rs2569543	8	0.17361	0.17952	0.529444	359	4	-0.080441	0.17999	0.31523	1.0	339	2	-0.080441
rs10444449	6	0.2369	0.25148	0.615182	458	3	-0.49994	0.1804	0.31085	1.0	340	1	-0.49994
rs112736558	8	0.26253	0.30888	0.659559	493	2	0.054561	0.18079	0.31688	1.0	341	2	0.054561
SPPL3	16	0.28447	0.30892	0.659559	523	6	0.0029833	0.18136	0.34689	1.0	342	6	0.0029833
CACNG7	16	0.49228	0.55206	0.798796	740	5	0.023419	0.18171	0.34689	1.0	343	6	0.023419
rs2425100	8	0.039795	0.033446	0.248232	145	4	-0.1193	0.1825	0.31689	1.0	344	2	-0.1193
TRIM46	16	0.42263	0.49662	0.764199	673	3	0.069522	0.18292	0.3469	1.0	345	6	0.069522
rs4704223	8	0.92953	0.87943	0.951846	1018	1	0.027647	0.18298	0.31689	1.0	346	3	0.027647
rs13067940	2	0.85598	0.84804	0.937399	980	0	0.90978	0.1835	0.2114	1.0	347	1	0.90978
DMWD	16	0.41664	0.49275	0.762552	667	4	0.031701	0.18354	0.3512	1.0	348	4	0.031701
rs4074793	8	0.32458	0.35606	0.674431	567	3	0.020588	0.18365	0.31689	1.0	349	3	0.020588
rs111462490	7	0.36585	0.39878	0.6935	614	3	-0.064006	0.18406	0.30481	1.0	350	2	-0.064006
BCAR4	14	0.45268	0.50223	0.766344	703	2	0.038896	0.18498	0.35498	1.0	351	6	0.038896
rs730717	8	0.087924	0.084703	0.398323	229	2	0.083057	0.18502	0.32055	1.0	352	3	0.083057
PSMD12	16	2.0437e-05	4.5376e-06	0.000248	18	7	-0.029815	0.18624	0.35584	1.0	353	6	-0.029815
HCG21	12	0.083825	0.079439	0.386912	222	6	-0.029194	0.18667	0.34374	1.0	354	4	-0.029194
rs72796748	8	0.49372	0.5213	0.780175	742	3	-0.025817	0.18879	0.33696	1.0	355	3	-0.025817
NOP14-AS1	16	0.18076	0.16672	0.528277	372	5	-0.0028592	0.19027	0.36465	1.0	356	6	-0.0028592
rs12038768	8	0.33329	0.3604	0.674431	581	2	-0.0032277	0.19264	0.34009	1.0	357	3	-0.0032277
rs4149303	8	0.57555	0.61577	0.832475	808	2	0.01518	0.19365	0.3401	1.0	358	3	0.01518
rs10030937	8	0.13475	0.12839	0.470048	295	4	-0.062417	0.19384	0.3401	1.0	359	2	-0.062417
rs12609500	6	0.2126	0.22996	0.585721	420	3	-0.14008	0.19542	0.34832	1.0	360	2	-0.14008
rs6573957	8	0.066717	0.056761	0.311185	200	4	-0.06117	0.19646	0.3465	1.0	361	2	-0.06117
rs4899344	8	0.43275	0.45755	0.735927	685	1	0.080967	0.19651	0.3465	1.0	362	3	0.080967
rs62261061	8	0.45633	0.4778	0.751127	705	2	0.023093	0.19666	0.3465	1.0	363	1	0.023093
rs4423880	8	0.08432	0.080782	0.391705	223	5	-0.069537	0.19748	0.3465	1.0	364	2	-0.069537
ZNF286B	16	0.36856	0.39351	0.691339	618	5	-0.01409	0.19846	0.37451	1.0	365	6	-0.01409
rs2522060	8	0.23273	0.27743	0.645369	452	4	-0.35146	0.1989	0.3465	1.0	366	1	-0.35146
rs9982111	8	0.09732	0.093733	0.402783	248	3	-0.15523	0.19946	0.3465	1.0	367	1	-0.15523
rs12740374	8	0.48809	0.51028	0.771077	735	2	0.054426	0.20116	0.3465	1.0	368	3	0.054426
rs112098335	8	0.80958	0.80476	0.922453	954	2	0.068784	0.20153	0.3465	1.0	369	3	0.068784
rs62255364	8	0.12238	0.10502	0.419704	276	2	0.018616	0.20209	0.3465	1.0	370	3	0.018616
rs2250752	8	0.81844	0.80915	0.922453	961	1	0.020127	0.20261	0.3465	1.0	371	3	0.020127
rs726092	8	0.22029	0.25452	0.615694	434	4	-0.011432	0.20303	0.3465	1.0	372	3	-0.011432
rs72702343	8	0.73241	0.71899	0.87352	904	1	0.04231	0.20337	0.34651	1.0	373	2	0.04231
ARL6IP4	16	0.71351	0.76307	0.900454	891	4	-0.00019917	0.20377	0.39128	1.0	374	6	-0.00019917
rs4302748	8	0.59716	0.63256	0.838009	823	2	-0.0079295	0.20641	0.34651	1.0	375	3	-0.0079295
rs12485100	8	0.38925	0.41694	0.70907	640	2	0.066108	0.20751	0.34651	1.0	376	2	0.066108
HLA-DRA	16	0.12239	0.11514	0.448639	277	6	0.007676	0.20784	0.39129	1.0	377	6	0.007676
SDHAF2	16	0.46853	0.53855	0.796164	714	4	0.033976	0.20793	0.39129	1.0	378	6	0.033976
rs28556815	8	0.32052	0.35166	0.674431	561	3	-0.078163	0.20949	0.34651	1.0	379	2	-0.078163
PDCL3	16	0.66481	0.73334	0.882111	867	4	0.026592	0.21058	0.39795	1.0	380	6	0.026592
rs3843503	8	0.55554	0.59984	0.820935	794	1	0.1731	0.21379	0.36267	1.0	381	3	0.1731
NUDT3	16	0.1335	0.12568	0.470048	294	6	-0.022228	0.21434	0.40181	1.0	382	5	-0.022228
rs10176901	8	0.95737	0.91583	0.969276	1037	1	0.058401	0.21501	0.36268	1.0	383	3	0.058401
CAMTA2	16	0.65249	0.71125	0.87352	858	4	0.053493	0.2153	0.40579	1.0	384	6	0.053493
rs113198605	8	0.50903	0.54926	0.798796	755	2	0.040973	0.21819	0.36763	1.0	385	3	0.040973
USP32P2	16	0.61268	0.65962	0.840217	829	5	-0.0014256	0.21827	0.41261	1.0	386	4	-0.0014256
SLC9A1	16	0.037546	0.026604	0.22431	136	6	-0.0072988	0.21863	0.41261	1.0	387	3	-0.0072988
rs148254794	8	0.63092	0.64981	0.840217	845	1	0.051716	0.21896	0.375	1.0	388	3	0.051716
CHP1P2	16	0.065122	0.053248	0.304779	197	4	-0.017936	0.21989	0.41802	1.0	389	5	-0.017936
rs111741722	8	0.95033	0.90267	0.964776	1030	1	-0.057642	0.2205	0.37501	1.0	390	2	-0.057642
LILRB1	16	0.41417	0.47583	0.750193	665	3	-0.015258	0.22141	0.41925	1.0	391	3	-0.015258
rs11065979	8	0.82238	0.80915	0.922453	963	1	0.074466	0.22159	0.37501	1.0	392	3	0.074466
LINC00663	12	0.51887	0.55797	0.804158	762	3	0.016568	0.22261	0.39828	1.0	393	3	0.016568
rs72927001	8	0.91758	0.86515	0.946938	1006	1	0.04595	0.22442	0.37874	1.0	394	3	0.04595
rs10789119	8	0.22649	0.27249	0.639301	445	2	0.029545	0.22541	0.37875	1.0	395	3	0.029545
rs56957633	8	0.95306	0.90899	0.968465	1032	1	0.024277	0.22707	0.37875	1.0	396	3	0.024277
rs4475032	8	0.35514	0.37609	0.684995	600	3	-0.0096837	0.22758	0.37875	1.0	397	3	-0.0096837
NAA38	16	0.039408	0.028555	0.230766	144	8	-0.064358	0.22759	0.42338	1.0	398	5	-0.064358
rs2569538	8	0.356	0.37609	0.684995	603	3	-0.0286	0.22812	0.37875	1.0	399	3	-0.0286
rs117492019	8	0.96725	0.93729	0.982314	1043	0	0.057927	0.22921	0.38288	1.0	400	3	0.057927
rs2954038	8	0.44991	0.4751	0.750118	699	2	-0.0093727	0.23029	0.38737	1.0	401	2	-0.0093727
rs12337950	8	0.024276	0.020405	0.191917	112	5	-0.10973	0.23098	0.38738	1.0	402	2	-0.10973
rs11274750	8	0.70624	0.7041	0.871945	887	2	0.07132	0.23203	0.39026	1.0	403	3	0.07132
rs7746081	8	0.12309	0.10598	0.420432	279	2	0.017457	0.23255	0.39026	1.0	404	3	0.017457
PLCG1-AS1	16	0.18503	0.16892	0.528277	378	4	-0.01124	0.23352	0.43224	1.0	405	4	-0.01124
rs1054730	8	0.051842	0.04735	0.291855	171	3	0.091469	0.23361	0.39026	1.0	406	3	0.091469
rs206326	8	0.09336	0.09062	0.402783	241	4	-0.023906	0.23371	0.39026	1.0	407	3	-0.023906
rs129128	8	0.76014	0.74536	0.890693	923	2	-0.0052289	0.2343	0.39027	1.0	408	3	-0.0052289
rs66644594	8	0.31611	0.35034	0.674114	558	3	-0.080571	0.23622	0.39606	1.0	409	2	-0.080571
rs10893500	8	0.43893	0.46718	0.743014	690	2	0.04532	0.23676	0.39606	1.0	410	1	0.04532
STAM	16	0.48993	0.55205	0.798796	739	2	0.022642	0.23754	0.44168	1.0	411	6	0.022642
GPN1	16	0.22332	0.21809	0.576115	442	5	-0.022706	0.23762	0.4431	1.0	412	4	-0.022706
GALK1	16	0.93382	0.93461	0.982109	1021	2	0.043741	0.23887	0.44478	1.0	413	5	0.043741
LINC01132	16	0.050498	0.041632	0.273619	168	9	-0.076756	0.23895	0.44618	1.0	414	6	-0.076756
rs9322276	8	0.48935	0.51359	0.774996	736	2	-0.044193	0.23902	0.39607	1.0	415	3	-0.044193
NDUFS3	16	0.038734	0.027021	0.22431	140	5	-0.024877	0.23944	0.44618	1.0	416	6	-0.024877
rs12609863	8	0.78883	0.78043	0.904846	938	2	0.031961	0.23994	0.39843	1.0	417	3	0.031961
rs3788509	8	0.23822	0.29225	0.657436	460	4	-0.073465	0.24104	0.39843	1.0	418	1	-0.073465
rs35473146	8	0.12276	0.10502	0.419704	278	3	-0.034979	0.24119	0.39843	1.0	419	3	-0.034979
rs738408	8	0.14112	0.13907	0.491028	307	3	0.031468	0.24159	0.39843	1.0	420	3	0.031468
GPER1	16	0.6534	0.71244	0.87352	860	3	0.046017	0.24224	0.44618	1.0	421	5	0.046017
rs17212483	8	0.46781	0.49233	0.762552	713	2	-0.011498	0.24311	0.39844	1.0	422	2	-0.011498
HCG20	16	0.16821	0.16093	0.528277	350	7	0.0048175	0.24447	0.45045	1.0	423	5	0.0048175
rs143681375	8	0.47747	0.49459	0.763223	722	3	0.021157	0.24531	0.41106	1.0	424	1	0.021157
PREPL	16	0.27751	0.305	0.659559	515	4	-0.00076092	0.24584	0.45045	1.0	425	4	-0.00076092
rs7710618	8	0.95188	0.90464	0.964776	1031	1	0.021197	0.24596	0.41106	1.0	426	3	0.021197
rs10263252	8	0.58453	0.6257	0.838009	812	2	0.037571	0.25015	0.42057	1.0	427	3	0.037571
rs7318424	8	0.22281	0.26484	0.635045	440	3	-0.055635	0.25135	0.42294	1.0	428	3	-0.055635
IL4	16	0.55999	0.62719	0.838009	795	4	-0.013982	0.25253	0.47652	1.0	429	5	-0.013982
rs1961959	8	0.16067	0.17051	0.528277	340	4	-0.090262	0.25255	0.42561	1.0	430	3	-0.090262
MCM5	16	0.15439	0.14492	0.494075	327	6	-0.0434	0.25459	0.47653	1.0	431	2	-0.0434
DDX39B	16	0.14727	0.13469	0.47865	318	5	0.047156	0.2551	0.47653	1.0	432	6	0.047156
rs57357765	8	0.18281	0.18586	0.529444	374	4	-0.093555	0.25556	0.42852	1.0	433	3	-0.093555
rs8132424	8	0.25114	0.29899	0.659559	481	2	0.014755	0.25641	0.43135	1.0	434	3	0.014755
rs6416290	8	0.41743	0.44512	0.731383	668	3	0.15293	0.25697	0.43135	1.0	435	3	0.15293
rs4600398	8	0.67536	0.67811	0.851343	873	2	0.011439	0.25758	0.43135	1.0	436	3	0.011439
MHENCR	16	0.83067	0.86622	0.946938	968	3	0.043836	0.25801	0.47914	1.0	437	6	0.043836
rs141054208	8	0.41878	0.44513	0.731383	670	2	0.019307	0.26112	0.43136	1.0	438	2	0.019307
rs62084235	8	0.39656	0.42199	0.713785	647	3	-0.024068	0.26121	0.43136	1.0	439	3	-0.024068
rs112287960	8	0.3282	0.35885	0.674431	572	3	0.03447	0.26243	0.43136	1.0	440	3	0.03447
rs13085331	8	0.26852	0.31527	0.660202	501	3	0.047514	0.26385	0.43395	1.0	441	3	0.047514
rs4968845	8	0.31419	0.35033	0.674114	553	2	0.050248	0.26528	0.43396	1.0	442	2	0.050248
ITIH1	16	0.19258	0.18268	0.529444	389	5	-0.02845	0.26539	0.48284	1.0	443	2	-0.02845
COMP	16	0.18848	0.17422	0.528277	382	7	-0.0662	0.26743	0.48465	1.0	444	3	-0.0662
rs72844343	8	0.4114	0.43999	0.72621	663	3	0.037362	0.26751	0.44097	1.0	445	3	0.037362
IQCF4	16	0.61361	0.65962	0.840217	831	2	0.030229	0.26762	0.48872	1.0	446	5	0.030229
rs28497720	5	0.6607	0.60881	0.826369	864	1	0.53764	0.26774	0.37935	1.0	447	2	0.53764
rs2336148	7	0.67619	0.66815	0.845468	875	1	0.29504	0.26888	0.43736	1.0	448	2	0.29504
rs2287622	8	0.03855	0.033437	0.248232	139	4	-0.084465	0.26948	0.44098	1.0	449	2	-0.084465
rs115580594	8	0.054399	0.048466	0.295398	175	3	-0.0131	0.26995	0.44098	1.0	450	2	-0.0131
rs11937273	8	0.77848	0.76849	0.900454	932	2	0.050619	0.27097	0.44402	1.0	451	3	0.050619
rs1451761	8	0.83642	0.81552	0.924233	971	1	0.092785	0.27159	0.44402	1.0	452	3	0.092785
rs11241703	8	0.32776	0.35885	0.674431	571	3	-0.028745	0.27201	0.44402	1.0	453	2	-0.028745
rs13203456	8	0.67201	0.6758	0.851343	869	2	-0.031606	0.27269	0.44402	1.0	454	2	-0.031606
rs2365466	4	0.19408	0.19412	0.543069	395	1	-0.11317	0.27289	0.39916	1.0	455	1	-0.11317
RHOB	16	9.875e-10	4.5376e-06	0.000248	6	13	-0.40979	0.2735	0.49669	1.0	456	1	-0.40979
USP17L2	16	0.13504	0.12706	0.470048	296	5	0.0097693	0.27371	0.49789	1.0	457	4	0.0097693
rs8178824	4	0.035876	0.02448	0.215386	132	2	-0.46404	0.27379	0.40248	1.0	458	2	-0.46404
rs2004276	8	0.058149	0.052895	0.304779	182	4	-0.11133	0.27384	0.44402	1.0	459	3	-0.11133
rs9495286	8	0.511	0.54927	0.798796	757	2	0.048438	0.27407	0.44402	1.0	460	2	0.048438
rs113177823	4	0.17599	0.17603	0.529048	362	1	0.60401	0.27553	0.40248	1.0	461	2	0.60401
rs11755266	8	0.15179	0.15012	0.500528	324	2	0.014888	0.27561	0.44657	1.0	462	2	0.014888
rs62440901	8	0.40717	0.43999	0.72621	658	2	0.041051	0.27774	0.44657	1.0	463	3	0.041051
rs2425134	8	0.77301	0.76011	0.900454	930	1	0.14678	0.27832	0.44926	1.0	464	2	0.14678
rs62084251	8	0.10782	0.097826	0.402783	266	4	-0.069449	0.27856	0.44926	1.0	465	3	-0.069449
rs17427564	8	0.49836	0.52931	0.791069	748	2	-0.00064484	0.27859	0.44926	1.0	466	2	-0.00064484
rs72926990	8	0.13231	0.12838	0.470048	293	4	-0.074413	0.27918	0.45221	1.0	467	3	-0.074413
rs3798220	8	0.91092	0.85807	0.943703	1002	1	-0.015274	0.28082	0.45222	1.0	468	3	-0.015274
rs9846990	4	0.41086	0.43205	0.722947	662	2	0.068036	0.28091	0.42151	1.0	469	2	0.068036
rs28588628	8	0.96173	0.92663	0.977713	1040	1	-0.030384	0.28174	0.45551	1.0	470	2	-0.030384
DMPK	16	0.29149	0.33407	0.674114	530	6	-0.07669	0.2822	0.50889	1.0	471	6	-0.07669
rs4560319	8	0.35557	0.37609	0.684995	602	3	0.0061745	0.28276	0.45552	1.0	472	2	0.0061745
RPP14	16	0.22033	0.21808	0.576115	435	4	0.0027838	0.28355	0.51033	1.0	473	4	0.0027838
ISX-AS1	16	0.0098166	0.0047055	0.081761	71	10	-0.091219	0.28408	0.51033	1.0	474	3	-0.091219
EEF1D	16	0.90903	0.91746	0.969276	1001	3	-0.0047099	0.28535	0.51033	1.0	475	5	-0.0047099
rs151021203	8	0.21628	0.25052	0.615182	431	3	0.038327	0.28558	0.45856	1.0	476	2	0.038327
HIST1H2BC	16	0.20211	0.1881	0.53164	408	7	0.024789	0.28593	0.51033	1.0	477	6	0.024789
rs7312145	8	0.538	0.58576	0.8103	783	3	0.0038198	0.2864	0.45856	1.0	478	3	0.0038198
MARVELD3	16	0.29061	0.33328	0.674114	529	6	-0.0041545	0.28673	0.51033	1.0	479	6	-0.0041545
rs10865973	8	0.92675	0.8752	0.950096	1014	1	0.097589	0.28826	0.45856	1.0	480	3	0.097589
PRKCA	16	0.19184	0.18268	0.529444	387	5	-0.043225	0.28947	0.51034	1.0	481	2	-0.043225
rs74785791	8	0.55396	0.59474	0.815159	793	2	0.022749	0.29055	0.45857	1.0	482	3	0.022749
rs11868959	8	0.6111	0.64143	0.840217	828	2	0.037833	0.29076	0.45857	1.0	483	3	0.037833
rs6595463	8	0.25393	0.30163	0.659559	483	4	-0.027908	0.29096	0.45857	1.0	484	3	-0.027908
rs1510224	8	0.47342	0.49458	0.763223	721	2	-0.0069406	0.29117	0.45857	1.0	485	3	-0.0069406
LSM12	16	0.40721	0.45869	0.735927	659	4	-0.012815	0.29286	0.51562	1.0	486	4	-0.012815
rs2684900	8	0.53488	0.58003	0.807657	781	3	0.0014367	0.29287	0.45857	1.0	487	1	0.0014367
LOC100996351	12	0.015116	0.010014	0.130068	89	8	-0.12756	0.29419	0.49419	1.0	488	3	-0.12756
rs4671447	8	0.041691	0.035978	0.25995	147	4	-0.078868	0.29438	0.46132	1.0	489	2	-0.078868
rs6896136	8	0.85077	0.82206	0.924233	978	1	0.022156	0.2945	0.46132	1.0	490	3	0.022156
PIGS	16	0.0011353	0.00040384	0.014213	32	6	-0.046937	0.29557	0.51563	1.0	491	6	-0.046937
rs60009222	8	0.092426	0.088142	0.399018	239	4	-0.115	0.29588	0.46132	1.0	492	3	-0.115
ZNF233	16	0.057757	0.045653	0.28969	177	6	-0.027257	0.29702	0.51795	1.0	493	5	-0.027257
TMEM88	16	0.15351	0.14492	0.494075	326	6	-0.019536	0.29733	0.51795	1.0	494	3	-0.019536
rs1953506	8	0.33637	0.37072	0.684366	588	1	0.057492	0.30223	0.46721	1.0	495	3	0.057492
rs28473262	8	0.97573	0.94973	0.986813	1055	0	0.17178	0.30244	0.47006	1.0	496	3	0.17178
ATG4D	16	0.37906	0.40173	0.6935	631	6	0.014365	0.30342	0.52183	1.0	497	6	0.014365
rs496800	8	0.17199	0.1748	0.528277	358	3	-0.011891	0.30516	0.47931	1.0	498	3	-0.011891
SURF1	16	0.13572	0.1276	0.470048	299	7	-0.048907	0.30608	0.52184	1.0	499	4	-0.048907
rs11609506	4	0.73593	0.63704	0.838377	909	1	0.01723	0.30627	0.44018	1.0	500	2	0.01723
rs71636777	8	0.047372	0.041378	0.273619	161	4	-0.053212	0.30682	0.47931	1.0	501	1	-0.053212
rs478588	8	0.53195	0.57622	0.807657	777	3	0.053308	0.30684	0.47931	1.0	502	3	0.053308
PMFBP1	16	0.028701	0.019807	0.187904	121	8	-0.073246	0.30801	0.52694	1.0	503	3	-0.073246
rs1970577	8	0.32277	0.35334	0.674431	562	3	0.13436	0.30811	0.47932	1.0	504	3	0.13436
rs9457925	8	0.25453	0.30163	0.659559	484	3	0.029361	0.31063	0.48227	1.0	505	3	0.029361
rs1730865	8	0.76064	0.74537	0.890693	924	1	0.055097	0.31076	0.48227	1.0	506	3	0.055097
rs6882076	8	0.76621	0.74837	0.891343	926	2	0.050143	0.31117	0.48227	1.0	507	3	0.050143
CNPY3	16	0.4895	0.55205	0.798796	737	4	-0.0008513	0.31151	0.53522	1.0	508	3	-0.0008513
rs7623199	8	0.479	0.49762	0.764656	724	2	-0.06207	0.31223	0.48506	1.0	509	2	-0.06207
LOC646471	16	0.021897	0.014824	0.161733	102	7	-0.095057	0.31254	0.53522	1.0	510	3	-0.095057
rs55642860	8	0.44506	0.46978	0.744956	695	2	0.045629	0.31306	0.49418	1.0	511	3	0.045629
FRY	16	0.078839	0.066326	0.341026	216	6	-0.0483	0.31357	0.53522	1.0	512	4	-0.0483
OR13C2	16	0.93971	0.94209	0.983557	1023	3	0.045193	0.31377	0.53523	1.0	513	5	0.045193
rs10889338	8	0.1645	0.17192	0.528277	343	4	-0.090305	0.31387	0.49418	1.0	514	2	-0.090305
RPS9	16	0.4396	0.50993	0.771077	691	6	-0.056332	0.31398	0.53523	1.0	515	4	-0.056332
rs3792023	8	0.9549	0.91366	0.969276	1033	1	0.0020134	0.31468	0.49418	1.0	516	1	0.0020134
ACOX2	16	0.48117	0.54242	0.79647	727	4	-0.01484	0.31503	0.53523	1.0	517	5	-0.01484
rs36160077	8	0.28074	0.32192	0.667724	518	2	-0.0093725	0.31654	0.49419	1.0	518	3	-0.0093725
SPAG5	16	0.036926	0.025796	0.219872	135	6	0.037762	0.31766	0.54735	1.0	519	3	0.037762
rs9821570	8	0.28661	0.32486	0.670329	526	3	-0.015994	0.31802	0.49419	1.0	520	3	-0.015994
HIST1H2BK	16	0.25203	0.27211	0.639301	482	5	-0.021895	0.31845	0.54735	1.0	521	4	-0.021895
rs10038345	8	0.57811	0.62569	0.838009	809	2	0.031062	0.31886	0.49419	1.0	522	3	0.031062
rs185350680	4	0.696	0.5878	0.8103	883	1	-0.2928	0.31916	0.44376	1.0	523	1	-0.2928
rs9915222	8	0.21477	0.24397	0.603567	428	3	-0.01784	0.31929	0.49419	1.0	524	3	-0.01784
rs61739739	8	0.88209	0.83682	0.92781	990	1	0.066625	0.32034	0.49741	1.0	525	3	0.066625
YJEFN3	16	0.26594	0.29837	0.659559	499	7	-0.061062	0.32043	0.55221	1.0	526	3	-0.061062
HMGN1	16	0.14062	0.13295	0.47712	306	6	-0.034184	0.32184	0.55222	1.0	527	4	-0.034184
CNTROB	16	0.45185	0.51831	0.777827	701	6	0.019838	0.32248	0.56317	1.0	528	5	0.019838
IQCF1	16	0.56978	0.63274	0.838009	804	5	-0.040608	0.32277	0.56317	1.0	529	4	-0.040608
rs180936969	8	0.42415	0.45216	0.735189	676	3	-0.043004	0.32304	0.50997	1.0	530	3	-0.043004
rs6573951	8	0.94234	0.89162	0.960284	1025	1	0.041241	0.32358	0.50997	1.0	531	2	0.041241
rs4738684	8	0.21283	0.24396	0.603567	421	4	-0.054619	0.32728	0.51347	1.0	532	2	-0.054619
rs58198139	8	0.3593	0.37874	0.686281	607	2	0.033702	0.32841	0.51348	1.0	533	3	0.033702
rs10789116	8	0.24211	0.29226	0.657436	467	3	0.005722	0.3292	0.51348	1.0	534	2	0.005722
rs174546	8	0.96684	0.93529	0.982109	1041	0	0.075486	0.32947	0.51348	1.0	535	3	0.075486
rs485073	8	0.61721	0.64601	0.840217	834	2	0.0024498	0.33016	0.51348	1.0	536	2	0.0024498
rs1950064	8	0.022794	0.018772	0.179651	108	5	-0.16885	0.33112	0.51925	1.0	537	2	-0.16885
APOE	16	0.0052488	0.0028178	0.06028	53	9	-0.15723	0.33112	0.56691	1.0	538	5	-0.15723
rs719230	8	0.33356	0.3604	0.674431	583	3	0.019067	0.33113	0.51925	1.0	539	3	0.019067
rs59982644	8	0.94535	0.89609	0.962891	1027	1	0.20137	0.33118	0.51925	1.0	540	3	0.20137
rs10185855	8	0.058789	0.052895	0.304779	183	3	-0.030439	0.33208	0.5226	1.0	541	2	-0.030439
rs2522064	8	0.63234	0.65184	0.840217	847	2	0.039372	0.3348	0.53742	1.0	542	3	0.039372
rs74825034	8	0.14124	0.13907	0.491028	308	3	-0.0071996	0.33522	0.53742	1.0	543	3	-0.0071996
FEN1	16	0.37705	0.40173	0.6935	630	6	-0.075333	0.33524	0.56692	1.0	544	3	-0.075333
CNOT3	16	0.00025329	4.0838e-05	0.001782	25	5	0.0062792	0.33569	0.56692	1.0	545	5	0.0062792
rs6513714	8	0.64379	0.65387	0.840217	854	2	0.086738	0.33608	0.53742	1.0	546	3	0.086738
rs146962013	8	0.45962	0.48709	0.762552	706	3	-0.008971	0.33625	0.53742	1.0	547	2	-0.008971
rs78825896	8	0.17636	0.18271	0.529444	363	3	-0.030224	0.33637	0.53742	1.0	548	1	-0.030224
rs4245184	8	0.43174	0.45754	0.735927	683	3	-0.01798	0.33779	0.53743	1.0	549	3	-0.01798
rs9327299	8	0.20378	0.22501	0.58377	410	4	-0.16896	0.33868	0.53743	1.0	550	3	-0.16896
NIPSNAP3A	16	0.1553	0.14895	0.500528	328	5	-0.0038239	0.33972	0.57143	1.0	551	5	-0.0038239
rs145200466	8	0.81271	0.80477	0.922453	958	1	0.027661	0.33976	0.54112	1.0	552	2	0.027661
rs1260327	8	0.035982	0.029943	0.236727	133	4	-0.28336	0.34016	0.54112	1.0	553	2	-0.28336
rs11079710	8	0.23715	0.29225	0.657436	459	3	0.34566	0.34043	0.54112	1.0	554	2	0.34566
rs4680579	8	0.19722	0.21764	0.576115	399	3	0.05756	0.34099	0.54112	1.0	555	3	0.05756
rs4142230	8	0.98623	0.97665	1.0	1064	0	0.077958	0.34249	0.54113	1.0	556	3	0.077958
LOC100506990	16	0.10308	0.097336	0.402783	258	6	-0.051294	0.34281	0.58101	1.0	557	5	-0.051294
rs9975119	8	0.004093	0.002237	0.050846	49	6	-0.54053	0.34299	0.54113	1.0	558	2	-0.54053
rs1977658	8	0.30443	0.34019	0.674114	548	3	0.061439	0.34377	0.54113	1.0	559	3	0.061439
AGBL5-AS1	12	0.32477	0.3749	0.684995	568	3	0.025145	0.34576	0.55826	1.0	560	2	0.025145
rs79876547	8	0.38554	0.40636	0.6983	636	1	0.02779	0.34596	0.5449	1.0	561	2	0.02779
rs9997840	8	0.19346	0.21763	0.576115	391	4	-0.089428	0.34815	0.55289	1.0	562	1	-0.089428
C12orf43	16	0.38854	0.42802	0.719616	639	6	-0.064376	0.34921	0.58508	1.0	563	3	-0.064376
rs2052485	8	0.13578	0.13151	0.476678	300	4	-0.082252	0.34956	0.55807	1.0	564	3	-0.082252
rs11718509	8	0.5332	0.57622	0.807657	780	2	0.1237	0.34972	0.55807	1.0	565	2	0.1237
CASR	16	0.093527	0.086046	0.399018	243	6	0.016477	0.3499	0.58508	1.0	566	5	0.016477
rs7703507	8	0.035522	0.029562	0.23542	130	3	0.035964	0.35171	0.55808	1.0	567	3	0.035964
rs144458455	8	0.79697	0.78952	0.912459	946	2	-0.032777	0.35188	0.55808	1.0	568	2	-0.032777
rs72706230	8	0.022967	0.018772	0.179651	109	5	-0.18551	0.35282	0.56011	1.0	569	1	-0.18551
ASB16-AS1	15	0.0014414	0.00066702	0.021404	33	9	-0.22593	0.35476	0.60128	1.0	570	3	-0.22593
rs12731749	4	0.1525	0.15612	0.514567	325	2	-0.02182	0.35587	0.47777	1.0	571	1	-0.02182
DHDH	16	0.28044	0.30748	0.659559	517	5	-0.0049741	0.35985	0.59027	1.0	572	4	-0.0049741
rs4245791	8	0.14591	0.14454	0.494075	316	3	0.0034784	0.36298	0.56812	1.0	573	1	0.0034784
IGF2R	16	0.0021243	0.00080315	0.023682	37	6	0.0095221	0.36331	0.59327	1.0	574	5	0.0095221
rs66491446	8	0.15653	0.16794	0.528277	331	4	-0.043618	0.36505	0.56812	1.0	575	3	-0.043618
rs3812594	8	0.097986	0.094477	0.402783	250	4	-0.11668	0.36846	0.56813	1.0	576	2	-0.11668
rs13288021	8	0.20829	0.23023	0.585721	413	3	-0.057574	0.37044	0.56813	1.0	577	3	-0.057574
rs9903858	8	0.17435	0.17953	0.529444	360	4	-0.066092	0.37087	0.56813	1.0	578	3	-0.066092
TRIM28	16	0.74426	0.77735	0.904846	914	4	-0.0079765	0.37173	0.61042	1.0	579	5	-0.0079765
rs114353297	8	0.0096214	0.0061484	0.093166	68	3	-0.25266	0.37175	0.56813	1.0	580	2	-0.25266
HARBI1	16	0.91246	0.91747	0.969276	1004	3	0.048406	0.37207	0.61313	1.0	581	4	0.048406
GP1BA	16	0.13547	0.1276	0.470048	297	3	-0.033466	0.37246	0.61447	1.0	582	5	-0.033466
rs201020391	8	0.86542	0.82834	0.92499	984	1	0.036745	0.37255	0.57023	1.0	583	2	0.036745
rs11130307	8	0.26306	0.30888	0.659559	495	2	0.0091413	0.37282	0.57023	1.0	584	2	0.0091413
CCDC93	16	0.19953	0.18737	0.530963	402	7	-0.0098061	0.37308	0.61447	1.0	585	3	-0.0098061
rs12047226	8	0.1433	0.14312	0.494075	311	2	0.035622	0.37325	0.57024	1.0	586	3	0.035622
SMC1B	16	0.80419	0.83498	0.927663	952	4	0.031197	0.37342	0.61448	1.0	587	5	0.031197
rs2836969	8	0.3882	0.41694	0.70907	638	2	-0.00881	0.37389	0.57409	1.0	588	2	-0.00881
rs217181	4	0.053931	0.040026	0.273619	174	2	-0.05153	0.37426	0.4896	1.0	589	1	-0.05153
rs2706393	8	0.43606	0.46038	0.736484	688	2	0.015331	0.37525	0.57409	1.0	590	2	0.015331
rs13060675	8	0.18958	0.20695	0.568708	383	2	0.021856	0.37562	0.57409	1.0	591	3	0.021856
rs7780562	8	0.3793	0.39877	0.6935	632	2	0.0032849	0.37713	0.5741	1.0	592	3	0.0032849
CNOT10	16	0.10194	0.097336	0.402783	256	5	-0.015451	0.37714	0.61921	1.0	593	3	-0.015451
rs750598	8	0.10431	0.096909	0.402783	260	3	-0.0076352	0.37795	0.5741	1.0	594	1	-0.0076352
SENP3-EIF4A1	16	0.47003	0.53856	0.796164	719	2	0.0041915	0.38081	0.62838	1.0	595	3	0.0041915
rs111461592	8	0.022348	0.018273	0.1796	107	5	-0.2184	0.38332	0.58411	1.0	596	2	-0.2184
rs13081031	8	0.15564	0.16646	0.528277	329	4	-0.13084	0.38449	0.58412	1.0	597	3	-0.13084
rs9403962	8	0.41656	0.44243	0.729136	666	3	0.028135	0.38514	0.58412	1.0	598	3	0.028135
rs12483959	8	0.74584	0.73049	0.879653	916	1	0.015919	0.38565	0.58412	1.0	599	2	0.015919
rs77263459	8	0.94657	0.89846	0.962891	1029	1	0.04497	0.38643	0.58412	1.0	600	3	0.04497
rs150474434	8	0.34972	0.37608	0.684995	597	3	-0.035287	0.38732	0.58412	1.0	601	2	-0.035287
rs41269888	8	0.10011	0.094486	0.402783	251	2	-0.068464	0.38909	0.58412	1.0	602	1	-0.068464
rs72926976	8	0.052371	0.04735	0.291855	172	4	-0.14197	0.39018	0.588	1.0	603	2	-0.14197
rs2158416	8	0.42796	0.45487	0.735927	680	2	0.018178	0.39124	0.58801	1.0	604	2	0.018178
rs6762457	8	0.26211	0.30888	0.659559	492	4	-0.058007	0.39178	0.58801	1.0	605	2	-0.058007
CAMKK2	16	0.077577	0.065981	0.341026	214	8	-0.067866	0.39578	0.65378	1.0	606	4	-0.067866
rs9390698	8	0.58383	0.6257	0.838009	811	2	0.058943	0.39618	0.59278	1.0	607	3	0.058943
rs4969141	8	0.48355	0.50382	0.767106	732	3	-0.047689	0.39736	0.59278	1.0	608	2	-0.047689
rs9864325	8	0.95707	0.91583	0.969276	1036	1	0.0060268	0.39857	0.59465	1.0	609	3	0.0060268
TRIM65	16	0.058073	0.047005	0.291855	180	8	-0.058342	0.40085	0.6564	1.0	610	4	-0.058342
rs140138013	8	0.21225	0.233	0.585721	419	2	0.00080173	0.40179	0.59466	1.0	611	2	0.00080173
rs9390701	8	0.1488	0.14882	0.500528	321	4	-0.45797	0.40266	0.59669	1.0	612	2	-0.45797
LILRB5	16	0.49426	0.55646	0.803558	744	4	0.029817	0.40485	0.6601	1.0	613	5	0.029817
rs55797513	8	0.012092	0.0083446	0.11524	78	5	-1.1411	0.40532	0.59855	1.0	614	2	-1.1411
rs57189461	8	0.34218	0.37416	0.684995	592	2	-0.0022393	0.40551	0.59855	1.0	615	3	-0.0022393
rs2289250	8	0.046316	0.041024	0.273619	159	2	-0.016693	0.40569	0.59855	1.0	616	2	-0.016693
rs72838086	8	0.46888	0.49234	0.762552	715	3	-0.039408	0.40611	0.59855	1.0	617	2	-0.039408
rs10134376	8	0.87074	0.83066	0.92499	986	1	0.023647	0.40698	0.59856	1.0	618	1	0.023647
VSTM1	16	0.57334	0.63275	0.838009	807	5	-0.015408	0.40728	0.66383	1.0	619	5	-0.015408
rs6894249	8	0.62002	0.64778	0.840217	837	2	0.029341	0.40789	0.59856	1.0	620	3	0.029341
rs35570672	8	0.37041	0.38905	0.687926	622	3	-0.0027884	0.40876	0.60314	1.0	621	3	-0.0027884
CLIC1	16	0.27519	0.30499	0.659559	513	3	0.048295	0.40959	0.67043	1.0	622	5	0.048295
rs9495289	8	0.18041	0.18585	0.529444	370	4	-0.037444	0.41049	0.60314	1.0	623	3	-0.037444
rs1408272	8	0.92893	0.87943	0.951846	1017	1	0.048844	0.41093	0.60315	1.0	624	3	0.048844
rs62259747	8	0.0097073	0.0061484	0.093166	69	4	-0.12888	0.41288	0.60508	1.0	625	3	-0.12888
rs35131841	8	0.063582	0.056751	0.311185	192	4	-0.13146	0.41353	0.60508	1.0	626	3	-0.13146
rs62072464	8	0.041687	0.035978	0.25995	146	5	-0.49897	0.41461	0.60508	1.0	627	3	-0.49897
rs72700426	4	0.27452	0.26327	0.632649	510	2	-0.015744	0.41487	0.50107	1.0	628	1	-0.015744
rs12330157	8	0.12673	0.12103	0.461694	284	4	-0.059566	0.41554	0.60509	1.0	629	2	-0.059566
rs62259757	8	0.67962	0.6866	0.859053	876	2	-0.043148	0.41678	0.60509	1.0	630	3	-0.043148
rs12748152	8	0.9119	0.85807	0.943703	1003	1	0.037973	0.41825	0.60869	1.0	631	2	0.037973
rs2169387	7	0.089658	0.076962	0.376526	233	4	-0.26802	0.41893	0.57391	1.0	632	2	-0.26802
rs145859971	8	0.22045	0.25452	0.615694	437	4	-0.044521	0.4209	0.6087	1.0	633	3	-0.044521
rs13065851	8	0.46695	0.49233	0.762552	711	3	-0.2441	0.42298	0.61234	1.0	634	2	-0.2441
rs13086297	6	0.35691	0.39017	0.6888	605	2	0.069612	0.42359	0.57198	1.0	635	2	0.069612
FOXD3-AS1	16	0.60718	0.6557	0.840217	826	2	0.05325	0.42422	0.67327	1.0	636	5	0.05325
rs4789227	8	0.21412	0.24397	0.603567	426	4	-0.2417	0.42718	0.61885	1.0	637	2	-0.2417
TBC1D29	16	0.0076303	0.0037889	0.070901	63	6	-0.038713	0.42758	0.67808	1.0	638	3	-0.038713
DNAJB14	16	0.25072	0.2721	0.639301	480	4	-0.020524	0.429	0.68463	1.0	639	5	-0.020524
rs147788793	8	0.19593	0.21764	0.576115	397	4	-0.015399	0.43032	0.61885	1.0	640	2	-0.015399
rs1495741	4	0.0070053	0.0057037	0.09162	60	3	-0.17578	0.43086	0.50887	1.0	641	1	-0.17578
OR4X2	16	0.73197	0.76734	0.900454	902	4	0.036003	0.43237	0.68464	1.0	642	5	0.036003
rs4687639	8	0.032675	0.027139	0.22431	124	5	-0.38278	0.43275	0.61886	1.0	643	2	-0.38278
AGBL2	16	0.79318	0.82258	0.924233	944	3	0.06848	0.43519	0.69157	1.0	644	5	0.06848
MIR4725	4	0.19998	0.19413	0.543069	404	2	-0.037152	0.43575	0.50888	1.0	645	1	-0.037152
rs1169288	8	0.0050591	0.0031627	0.06197	51	4	-0.10512	0.43688	0.62118	1.0	646	1	-0.10512
PXK	16	0.021786	0.014824	0.161733	101	8	-0.056367	0.43887	0.69261	1.0	647	3	-0.056367
KLHDC3	16	0.46248	0.53471	0.793716	707	3	0.057397	0.43965	0.69261	1.0	648	4	0.057397
rs146329589	8	0.21155	0.23299	0.585721	417	4	-0.053181	0.44023	0.62119	1.0	649	2	-0.053181
rs34984116	8	0.43282	0.45755	0.735927	686	3	0.059695	0.44075	0.62119	1.0	650	2	0.059695
ZNF221	16	0.21167	0.20068	0.557113	418	6	-0.028527	0.44123	0.69262	1.0	651	4	-0.028527
HLA-DPB2	16	0.062259	0.052159	0.304779	189	7	-0.049937	0.44158	0.69262	1.0	652	3	-0.049937
TMEM214	16	0.1714	0.16275	0.528277	357	6	-0.036265	0.44269	0.69262	1.0	653	4	-0.036265
SLC39A3	16	0.35464	0.38472	0.687926	599	4	0.0063808	0.44387	0.69262	1.0	654	5	0.0063808
rs11125936	4	0.22037	0.21475	0.576115	436	1	-0.034618	0.45066	0.52032	1.0	655	1	-0.034618
HIGD1C	16	0.97546	0.96844	0.999874	1054	2	0.0087342	0.45134	0.70386	1.0	656	4	0.0087342
CEACAM22P	13	0.25626	0.29079	0.657436	488	4	-0.0071549	0.45189	0.68805	1.0	657	3	-0.0071549
TRPC4AP	16	0.6572	0.71563	0.87352	862	4	-0.010498	0.45235	0.70386	1.0	658	4	-0.010498
CYB5D1	16	0.19252	0.18268	0.529444	388	7	-0.035678	0.45524	0.70549	1.0	659	4	-0.035678
rs12451511	8	0.018755	0.015287	0.162518	97	2	0.037149	0.45576	0.63577	1.0	660	2	0.037149
LIN52	16	0.23269	0.23104	0.585721	451	6	-0.021334	0.45636	0.7077	1.0	661	3	-0.021334
DNLZ	16	0.0098035	0.0047055	0.081761	70	8	-0.087334	0.45668	0.7077	1.0	662	2	-0.087334
TOP1	16	0.15659	0.14983	0.500528	332	6	-0.053083	0.45713	0.7077	1.0	663	1	-0.053083
rs934424	7	0.12055	0.11832	0.456128	275	3	-0.19894	0.45952	0.60729	1.0	664	1	-0.19894
rs139717397	8	0.025999	0.021649	0.198477	116	2	0.0024819	0.45961	0.63578	1.0	665	2	0.0024819
RBM4B	16	0.1935	0.18269	0.529444	392	4	-0.022975	0.46088	0.71094	1.0	666	5	-0.022975
SMTNL2	16	0.2336	0.23105	0.585721	453	7	-0.022288	0.46095	0.71094	1.0	667	4	-0.022288
BSX	16	0.30789	0.3417	0.674114	550	5	0.0068376	0.46194	0.71238	1.0	668	4	0.0068376
LOC100131626	12	0.56972	0.61777	0.83414	803	4	0.0028094	0.46377	0.68456	1.0	669	3	0.0028094
GRB2	16	0.00029125	4.9913e-05	0.002017	26	8	-0.10216	0.46551	0.71893	1.0	670	4	-0.10216
PROCR	16	0.4638	0.53472	0.793716	709	6	-0.020681	0.46743	0.72066	1.0	671	3	-0.020681
FAM24B-CUZD1	16	0.22997	0.22786	0.585721	448	5	-0.021808	0.46853	0.72066	1.0	672	3	-0.021808
rs13107325	8	0.65919	0.66295	0.841037	863	2	-0.061249	0.46858	0.63973	1.0	673	2	-0.061249
rs1129187	8	0.76652	0.74837	0.891343	927	2	0.047517	0.47164	0.64395	1.0	674	2	0.047517
rs494560	8	0.56358	0.60206	0.820935	796	2	0.03487	0.4752	0.64629	1.0	675	2	0.03487
GBA	16	0.29996	0.33547	0.674114	542	5	-0.0051519	0.47558	0.72701	1.0	676	4	-0.0051519
rs8110823	8	0.48796	0.51028	0.771077	734	3	-0.057464	0.47597	0.64629	1.0	677	2	-0.057464
rs4836023	8	0.39816	0.42939	0.719616	649	2	-0.060137	0.47672	0.64629	1.0	678	2	-0.060137
GBAP1	16	0.58537	0.63544	0.838377	813	5	-0.0051099	0.47753	0.72701	1.0	679	5	-0.0051099
EDEM2	16	0.27148	0.30172	0.659559	506	5	-0.03795	0.47759	0.72701	1.0	680	4	-0.03795
rs11868832	6	0.013764	0.010985	0.134598	83	5	-1.7819	0.4786	0.63806	1.0	681	1	-1.7819
rs6910047	8	0.13656	0.13254	0.47712	302	4	-0.11709	0.47867	0.6463	1.0	682	1	-0.11709
TM4SF5	16	0.37693	0.40173	0.6935	629	4	-0.045008	0.47994	0.72701	1.0	683	4	-0.045008
rs1652507	8	0.12958	0.12729	0.470048	289	3	0.031472	0.48098	0.65035	1.0	684	2	0.031472
SLC4A1AP	16	0.32947	0.34933	0.674114	576	6	-0.015619	0.48275	0.73002	1.0	685	4	-0.015619
rs6602911	8	0.73752	0.72166	0.875786	910	1	0.0043982	0.48355	0.65431	1.0	686	2	0.0043982
rs11717423	8	0.12614	0.12102	0.461694	282	4	-0.10484	0.48381	0.65431	1.0	687	2	-0.10484
rs7264869	8	0.22573	0.27007	0.639301	444	4	-0.060516	0.48403	0.65431	1.0	688	1	-0.060516
C6orf1	16	0.023514	0.015514	0.162518	110	9	-0.13364	0.4843	0.73225	1.0	689	5	-0.13364
rs77801483	8	0.19115	0.20871	0.56927	384	4	-0.04907	0.49086	0.66215	1.0	690	2	-0.04907
UGT1A9	16	0.13944	0.13142	0.476678	305	6	0.015037	0.49161	0.73833	1.0	691	5	0.015037
rs112595563	4	0.52454	0.48425	0.760161	766	1	-0.0043968	0.49178	0.54361	1.0	692	1	-0.0043968
AP1G1	16	0.0023604	0.00093928	0.026967	39	10	-0.11452	0.4921	0.74016	1.0	693	2	-0.11452
WRAP53	16	0.0046072	0.0024548	0.054658	50	9	-0.13834	0.49626	0.74419	1.0	694	5	-0.13834
MRPL11	16	0.002693	0.0010845	0.028171	44	9	-0.12604	0.49991	0.74419	1.0	695	2	-0.12604
DIRC2	16	0.37523	0.40173	0.6935	627	6	-0.044308	0.50057	0.74419	1.0	696	4	-0.044308
rs870527	8	0.71228	0.71022	0.87352	890	2	-0.028117	0.50132	0.66215	1.0	697	1	-0.028117
RRBP1	16	0.0024158	0.00098465	0.027409	41	7	-0.029657	0.50146	0.74648	1.0	698	5	-0.029657
rs73068325	4	0.91769	0.89452	0.962451	1007	0	0.026465	0.50194	0.54767	1.0	699	1	0.026465
rs77960347	8	0.061222	0.055381	0.30985	188	5	-0.11996	0.50308	0.66215	1.0	700	2	-0.11996
rs12528368	8	0.074659	0.067206	0.342625	210	3	-0.083262	0.50316	0.66215	1.0	701	1	-0.083262
rs72832352	8	0.21541	0.24523	0.605316	430	4	-0.049175	0.50457	0.66215	1.0	702	2	-0.049175
rs6488873	8	0.058045	0.052895	0.304779	179	3	-0.045185	0.50482	0.66215	1.0	703	2	-0.045185
rs111989435	8	0.0036053	0.0019648	0.045608	47	6	-0.10415	0.50611	0.66215	1.0	704	1	-0.10415
rs34650836	8	0.31614	0.35034	0.674114	559	3	0.064222	0.50631	0.66215	1.0	705	2	0.064222
CSK	16	1.9682e-15	4.5376e-06	0.000248	3	12	-0.51549	0.50724	0.74649	1.0	706	3	-0.51549
rs77303550	8	0.71753	0.71367	0.87352	894	2	-0.025347	0.50903	0.66841	1.0	707	2	-0.025347
FAM65A	16	0.045975	0.037467	0.267165	157	6	-0.081371	0.51043	0.74968	1.0	708	4	-0.081371
rs10710090	4	0.32763	0.32726	0.670329	570	2	-0.034372	0.51195	0.54768	1.0	709	1	-0.034372
rs6573958	8	0.70084	0.69841	0.868832	885	1	0.005627	0.51346	0.66842	1.0	710	2	0.005627
PCMTD2	16	0.27481	0.30404	0.659559	511	6	-0.015774	0.5142	0.74968	1.0	711	3	-0.015774
rs35107891	8	0.59073	0.62772	0.838009	819	2	-0.0059978	0.51448	0.67085	1.0	712	2	-0.0059978
MIR642A	16	0.15921	0.15048	0.500528	337	5	-0.040296	0.51537	0.75728	1.0	713	4	-0.040296
rs72834381	8	0.93125	0.88146	0.9531	1019	1	0.021337	0.51543	0.67493	1.0	714	2	0.021337
rs150756382	8	0.0057682	0.0038343	0.070901	55	5	-0.15156	0.51845	0.67494	1.0	715	1	-0.15156
rs62084246	8	0.13812	0.13375	0.478445	304	4	-0.078525	0.51952	0.67494	1.0	716	2	-0.078525
rs6072075	8	0.25586	0.30612	0.659559	486	2	-0.063161	0.52202	0.67939	1.0	717	1	-0.063161
rs3742318	8	0.02677	0.023228	0.207718	118	5	-0.13994	0.52309	0.67939	1.0	718	2	-0.13994
rs146784819	4	0.4985	0.46456	0.742074	749	1	-0.050161	0.52337	0.55531	1.0	719	1	-0.050161
rs12670798	8	0.903	0.84751	0.937399	997	1	-0.038147	0.5235	0.67939	1.0	720	2	-0.038147
rs35350651	8	0.52357	0.57271	0.807657	764	3	-0.030769	0.52374	0.67939	1.0	721	2	-0.030769
rs157595	4	0.10746	0.11513	0.448639	265	2	-0.14597	0.52629	0.55932	1.0	722	1	-0.14597
YTHDC1	16	0.0065361	0.0031808	0.06197	58	6	-0.033746	0.5263	0.76101	1.0	723	3	-0.033746
rs7937761	8	0.45473	0.47779	0.751127	704	2	-0.11587	0.5286	0.6794	1.0	724	2	-0.11587
rs2737245	8	0.21703	0.25053	0.615182	432	4	-0.069201	0.52911	0.6794	1.0	725	1	-0.069201
AKNAD1	16	0.34804	0.3812	0.686281	595	6	-0.024126	0.53076	0.76997	1.0	726	4	-0.024126
CGB2	8	0.40612	0.43705	0.725749	656	1	0.014013	0.53087	0.68672	1.0	727	2	0.014013
ZACN	16	0.044874	0.036351	0.260911	153	7	-0.031144	0.53167	0.76998	1.0	728	4	-0.031144
rs9307240	8	0.52957	0.57621	0.807657	773	2	-0.036112	0.53297	0.68929	1.0	729	1	-0.036112
CREG2	16	0.35624	0.38764	0.687926	604	6	-0.00070819	0.53374	0.77234	1.0	730	3	-0.00070819
rs17794439	8	0.40204	0.4346	0.723898	653	3	-0.0054491	0.53541	0.6893	1.0	731	2	-0.0054491
COX5A	16	0.00023909	4.0838e-05	0.001782	24	10	-0.10937	0.53549	0.77424	1.0	732	4	-0.10937
rs28609796	8	0.75394	0.73623	0.883633	919	1	0.017279	0.53705	0.6893	1.0	733	2	0.017279
CCS	16	0.027344	0.018681	0.179651	119	6	-0.042646	0.53854	0.77519	1.0	734	4	-0.042646
rs78912080	8	0.32872	0.35886	0.674431	574	2	-0.058721	0.53922	0.69155	1.0	735	1	-0.058721
rs6937089	8	0.20123	0.22383	0.582847	407	4	-0.081219	0.54208	0.69513	1.0	736	2	-0.081219
WDR97	16	0.34525	0.37945	0.686281	593	5	-0.056315	0.5434	0.78362	1.0	737	4	-0.056315
RSRP1	16	0.24773	0.26853	0.639301	476	5	-0.033497	0.54616	0.78363	1.0	738	2	-0.033497
rs6060566	8	0.014289	0.010586	0.134412	85	5	-0.15687	0.54677	0.69751	1.0	739	1	-0.15687
ST3GAL4	16	0.25635	0.28047	0.648295	489	6	-0.057178	0.55101	0.78363	1.0	740	4	-0.057178
TMEM161A	16	0.36729	0.39219	0.690123	616	5	0.0014871	0.55122	0.78363	1.0	741	4	0.0014871
rs2522061	6	0.082305	0.071326	0.358267	220	4	-0.41687	0.552	0.68616	1.0	742	2	-0.41687
rs10433615	8	0.37476	0.39876	0.6935	626	3	-0.067499	0.55286	0.70957	1.0	743	1	-0.067499
CYP2C18	16	0.063745	0.052513	0.304779	193	8	-0.082478	0.55452	0.78803	1.0	744	1	-0.082478
rs4314040	8	0.92521	0.87334	0.949021	1012	1	0.056942	0.55514	0.71207	1.0	745	2	0.056942
MMP24-AS1	16	0.21315	0.20502	0.566299	422	5	0.013338	0.55586	0.79185	1.0	746	4	0.013338
LOC105371789	16	0.29773	0.33546	0.674114	537	6	-0.012066	0.55618	0.79185	1.0	747	4	-0.012066
BEST1	16	0.1705	0.16275	0.528277	355	7	0.023106	0.55724	0.79185	1.0	748	4	0.023106
rs11556157	8	0.13559	0.1315	0.476678	298	4	-0.035412	0.55866	0.71706	1.0	749	2	-0.035412
rs693668	8	0.029775	0.025388	0.218095	122	5	-0.11478	0.56171	0.72004	1.0	750	2	-0.11478
rs12452511	8	0.7483	0.73049	0.879653	917	1	0.020173	0.56544	0.72279	1.0	751	2	0.020173
LOC100289580	16	0.6127	0.65962	0.840217	830	3	-0.031266	0.56648	0.79556	1.0	752	2	-0.031266
EPB41L1	16	0.71056	0.76181	0.900454	888	4	-0.0013275	0.56745	0.79556	1.0	753	4	-0.0013275
rs200490420	8	0.23687	0.28997	0.657436	457	4	-0.064544	0.5681	0.7228	1.0	754	1	-0.064544
rs28565984	8	0.55151	0.59474	0.815159	790	1	-0.047042	0.5694	0.72599	1.0	755	1	-0.047042
rs4840160	8	0.25772	0.30612	0.659559	490	3	-0.012284	0.57005	0.72599	1.0	756	2	-0.012284
FOSB	16	0.022045	0.014824	0.161733	104	6	-0.049902	0.57081	0.80015	1.0	757	3	-0.049902
rs10455872	8	0.52812	0.57621	0.807657	771	2	0.023122	0.57239	0.72921	1.0	758	2	0.023122
rs9844432	8	0.39597	0.42198	0.713785	645	3	-0.2113	0.57555	0.73241	1.0	759	2	-0.2113
rs11693128	8	0.48304	0.50092	0.765406	730	3	-0.047107	0.57585	0.73241	1.0	760	2	-0.047107
TEN1	16	0.78869	0.81885	0.924233	937	4	-0.033656	0.57609	0.80016	1.0	761	3	-0.033656
rs11218722	8	0.48133	0.50091	0.765406	728	3	-0.10605	0.57875	0.73241	1.0	762	1	-0.10605
rs11683120	8	0.62562	0.64779	0.840217	841	2	-0.030297	0.58352	0.73789	1.0	763	2	-0.030297
rs80120242	8	0.83822	0.81986	0.924233	972	1	-0.0069929	0.58541	0.7379	1.0	764	2	-0.0069929
rs6878680	8	0.17937	0.18458	0.529444	368	4	-0.080921	0.58567	0.7379	1.0	765	2	-0.080921
LOC101930085	12	0.0092489	0.0059578	0.092857	67	4	-0.034399	0.58569	0.7754	1.0	766	2	-0.034399
rs17561950	8	0.24432	0.29226	0.657436	472	4	-0.033056	0.5873	0.7379	1.0	767	1	-0.033056
rs4704221	8	0.33494	0.36892	0.684366	585	3	-0.056714	0.58855	0.74036	1.0	768	1	-0.056714
rs34681611	8	5.2449e-05	2.2688e-05	0.001125	21	6	-0.29056	0.58884	0.74036	1.0	769	2	-0.29056
rs138769	8	0.39349	0.41695	0.70907	644	2	0.052874	0.59155	0.74299	1.0	770	2	0.052874
rs7154657	8	0.73112	0.71898	0.87352	900	2	-0.011727	0.59425	0.74576	1.0	771	2	-0.011727
rs2878726	8	0.40396	0.4346	0.723898	655	1	0.014703	0.59738	0.74577	1.0	772	2	0.014703
rs13198473	8	0.18843	0.20694	0.568708	381	3	-0.066283	0.59827	0.74876	1.0	773	2	-0.066283
rs72834355	8	0.53102	0.57622	0.807657	775	2	-0.024939	0.6012	0.74877	1.0	774	2	-0.024939
rs146480141	8	0.33019	0.35886	0.674431	577	3	0.10742	0.60317	0.75181	1.0	775	2	0.10742
rs111299924	8	0.022101	0.018264	0.1796	106	4	-0.58945	0.60378	0.75181	1.0	776	2	-0.58945
rs71205205	8	0.044939	0.039373	0.273619	154	5	-0.74284	0.60378	0.75181	1.0	777	1	-0.74284
rs4256933	8	0.12353	0.10598	0.420432	280	3	-0.15695	0.60378	0.75181	1.0	778	1	-0.15695
GALNS	16	0.61973	0.66878	0.845468	836	4	0.010595	0.6055	0.81543	1.0	779	3	0.010595
GVQW2	16	0.23662	0.25387	0.615694	456	7	0.0067959	0.60684	0.81543	1.0	780	3	0.0067959
rs34115864	8	0.045442	0.040498	0.273619	155	5	-0.10162	0.60904	0.7573	1.0	781	1	-0.10162
rs2164884	8	0.036888	0.030306	0.237873	134	4	-0.057642	0.6111	0.7573	1.0	782	2	-0.057642
rs35476892	8	0.11884	0.10321	0.418584	272	3	0.026238	0.61113	0.7573	1.0	783	1	0.026238
rs34757451	6	0.30009	0.32809	0.670329	543	3	-0.2417	0.61466	0.71567	1.0	784	1	-0.2417
rs2073548	8	0.034848	0.028528	0.230766	128	3	-0.035138	0.61646	0.75982	1.0	785	1	-0.035138
rs55691818	8	0.53818	0.58576	0.8103	784	1	-0.046902	0.61749	0.75982	1.0	786	1	-0.046902
rs603247	8	0.568	0.60681	0.825467	800	2	-0.021107	0.61793	0.75982	1.0	787	2	-0.021107
EDC3	16	0.10163	0.097336	0.402783	254	5	0.0060833	0.61912	0.83279	1.0	788	3	0.0060833
rs2706395	8	0.093642	0.09062	0.402783	244	3	-0.057947	0.62067	0.75983	1.0	789	2	-0.057947
C17orf74	16	0.92718	0.93151	0.981915	1015	3	-0.0076467	0.62238	0.83599	1.0	790	4	-0.0076467
NRBP1	16	0.03875	0.027021	0.22431	141	7	-0.071895	0.62322	0.83599	1.0	791	2	-0.071895
rs144861591	8	0.29742	0.33725	0.674114	536	2	0.02204	0.6239	0.76244	1.0	792	2	0.02204
ODF4	16	0.066544	0.054564	0.307569	199	7	-0.056694	0.62408	0.836	1.0	793	2	-0.056694
rs9462859	8	0.4378	0.46718	0.743014	689	3	-0.054291	0.62778	0.76803	1.0	794	1	-0.054291
FOXR1	16	0.19295	0.18268	0.529444	390	5	-0.030544	0.62891	0.8399	1.0	795	3	-0.030544
rs10140938	8	0.78452	0.77725	0.904846	935	2	-0.001616	0.62978	0.76804	1.0	796	1	-0.001616
rs11671937	8	0.089622	0.086064	0.399018	232	4	-0.078044	0.63202	0.77096	1.0	797	2	-0.078044
rs12889915	8	0.12764	0.12344	0.467598	287	4	-0.48636	0.63263	0.77362	1.0	798	1	-0.48636
rs7211214	4	0.69152	0.58022	0.807657	881	1	-0.0034199	0.63603	0.6676	1.0	799	1	-0.0034199
rs11676242	8	0.55218	0.59474	0.815159	791	1	-0.02925	0.63667	0.77954	1.0	800	2	-0.02925
rs7802314	8	0.69503	0.69578	0.866546	882	2	0.0076312	0.63688	0.77954	1.0	801	2	0.0076312
rs112259268	8	0.53216	0.57622	0.807657	778	3	-0.027873	0.63709	0.77954	1.0	802	2	-0.027873
PCM1	16	0.82959	0.86622	0.946938	967	3	0.01495	0.63984	0.85076	1.0	803	4	0.01495
HIST1H2BI	12	0.0090339	0.0057945	0.09162	66	8	-0.2977	0.64032	0.82426	1.0	804	2	-0.2977
C17orf53	16	0.063909	0.052513	0.304779	195	7	-0.11406	0.64068	0.85076	1.0	805	2	-0.11406
rs55692341	8	0.045498	0.040498	0.273619	156	5	-0.19299	0.64298	0.77955	1.0	806	1	-0.19299
rs17206224	8	0.71968	0.71633	0.87352	896	2	0.034516	0.64358	0.78223	1.0	807	2	0.034516
rs80030727	8	0.26873	0.31527	0.660202	503	3	-0.14626	0.64436	0.78224	1.0	808	1	-0.14626
rs8079142	8	0.67354	0.6781	0.851343	870	1	0.065322	0.64483	0.78515	1.0	809	2	0.065322
rs141734114	4	0.75683	0.65801	0.840217	921	1	0.0012613	0.64534	0.66761	1.0	810	1	0.0012613
rs10773004	8	0.20697	0.22696	0.585721	411	3	0.005311	0.64737	0.78806	1.0	811	2	0.005311
rs2954029	8	0.92598	0.87334	0.949021	1013	1	0.005117	0.64752	0.78806	1.0	812	2	0.005117
SYT12	16	0.065267	0.053248	0.304779	198	6	-0.080072	0.649	0.85344	1.0	813	4	-0.080072
rs2275544	8	0.019728	0.015641	0.162518	100	4	-0.15966	0.65082	0.79087	1.0	814	2	-0.15966
rs56392905	8	0.21866	0.25257	0.615694	433	4	-0.19111	0.65329	0.79088	1.0	815	2	-0.19111
rs2508573	2	0.65263	0.60272	0.820935	859	0	0.060192	0.65593	0.68093	1.0	816	0	0.060192
NOTCH1	16	0.45006	0.5183	0.777827	700	5	-0.04777	0.65612	0.85714	1.0	817	2	-0.04777
rs75360723	8	0.2632	0.31215	0.660202	496	1	0.047929	0.65816	0.79939	1.0	818	2	0.047929
DTX3L	16	0.3193	0.3455	0.674114	560	6	0.014516	0.66049	0.85715	1.0	819	4	0.014516
rs35909862	4	0.84414	0.77512	0.904846	974	0	0.034815	0.66087	0.68295	1.0	820	1	0.034815
rs10196984	4	0.79029	0.70763	0.87352	943	1	0.025738	0.66132	0.68295	1.0	821	1	0.025738
rs1165228	8	0.29825	0.34018	0.674114	539	3	-0.040989	0.6616	0.80248	1.0	822	1	-0.040989
FADS2	16	0.091731	0.086037	0.399018	236	6	-0.012417	0.66329	0.85899	1.0	823	4	-0.012417
rs113119264	8	0.04967	0.045671	0.28969	166	2	-0.049975	0.66605	0.80249	1.0	824	1	-0.049975
LOC101927131	16	0.24788	0.26853	0.639301	477	3	0.0089071	0.6665	0.86282	1.0	825	2	0.0089071
rs1057615	8	0.011347	0.0078545	0.109863	77	5	-0.16117	0.66824	0.80452	1.0	826	2	-0.16117
rs4246215	8	0.013105	0.0093066	0.122331	81	5	-0.30809	0.67149	0.80954	1.0	827	1	-0.30809
rs9495291	8	0.68012	0.68661	0.859053	878	1	0.035378	0.67328	0.80954	1.0	828	2	0.035378
NUCB1-AS1	12	0.5939	0.63979	0.840217	821	3	-0.0062795	0.67359	0.8426	1.0	829	2	-0.0062795
rs34951175	8	0.3873	0.40637	0.6983	637	3	-0.068712	0.67456	0.80954	1.0	830	1	-0.068712
HLA-DQB1	16	0.89171	0.90447	0.964776	992	3	0.026287	0.6771	0.86698	1.0	831	4	0.026287
rs2354347	8	0.52487	0.57271	0.807657	767	1	-0.024581	0.67889	0.80955	1.0	832	2	-0.024581
rs1544155	8	0.99413	0.99038	1.0	1074	0	0.012902	0.68045	0.80955	1.0	833	2	0.012902
rs11611679	4	0.34003	0.3429	0.674114	590	2	-0.42827	0.68097	0.69421	1.0	834	1	-0.42827
ISX	16	0.60617	0.6543	0.840217	825	5	-0.035668	0.6815	0.86969	1.0	835	3	-0.035668
FAM133DP	16	0.27552	0.30499	0.659559	514	3	0.012344	0.68253	0.86969	1.0	836	4	0.012344
rs12359135	8	0.98303	0.97233	1.0	1060	0	0.01163	0.68298	0.81286	1.0	837	2	0.01163
rs149369311	4	0.62961	0.54007	0.79647	843	1	0.0144	0.68356	0.70235	1.0	838	1	0.0144
LRPPRC	16	5.3092e-10	4.5376e-06	0.000248	4	11	-0.30157	0.6875	0.8719	1.0	839	2	-0.30157
rs112818844	8	0.46898	0.49234	0.762552	716	1	0.078261	0.68818	0.815	1.0	840	2	0.078261
rs9819072	8	0.3644	0.38452	0.687926	612	3	0.072293	0.69009	0.815	1.0	841	2	0.072293
rs28555129	8	0.14927	0.14882	0.500528	322	3	0.017911	0.69447	0.81945	1.0	842	2	0.017911
rs11130318	8	0.19159	0.20871	0.56927	386	3	-0.043962	0.69487	0.81945	1.0	843	1	-0.043962
rs9705407	8	0.4261	0.45216	0.735189	677	3	-0.12091	0.69579	0.81946	1.0	844	2	-0.12091
rs13086898	8	0.84178	0.82205	0.924233	973	1	0.10531	0.69917	0.82256	1.0	845	2	0.10531
rs77375493	8	0.75966	0.74536	0.890693	922	2	0.0091551	0.69955	0.82445	1.0	846	2	0.0091551
GPAA1	16	0.0025722	0.00103	0.027409	43	10	-0.14688	0.69962	0.87994	1.0	847	1	-0.14688
UQCC1	16	0.00045015	5.8988e-05	0.002219	29	9	-0.11883	0.7027	0.87995	1.0	848	4	-0.11883
rs72834353	8	0.85243	0.82206	0.924233	979	1	-0.0060462	0.7029	0.82668	1.0	849	2	-0.0060462
rs6869845	8	0.54232	0.58777	0.8103	786	2	-0.012243	0.70484	0.82668	1.0	850	1	-0.012243
rs10146573	8	0.18341	0.18586	0.529444	375	4	-0.042838	0.70531	0.82668	1.0	851	2	-0.042838
rs71559031	8	0.32352	0.35605	0.674431	566	3	0.044171	0.70568	0.82668	1.0	852	2	0.044171
rs28374129	8	0.43022	0.45754	0.735927	681	3	-0.10316	0.70577	0.82668	1.0	853	1	-0.10316
rs9287908	8	0.16668	0.17349	0.528277	348	3	-0.052991	0.70601	0.82668	1.0	854	1	-0.052991
rs35106910	8	0.53174	0.57622	0.807657	776	3	-0.045092	0.70902	0.82668	1.0	855	1	-0.045092
rs2700479	8	0.22918	0.27249	0.639301	447	4	-0.093037	0.70918	0.82668	1.0	856	2	-0.093037
IQCF6	16	0.070765	0.058966	0.315899	206	8	-0.065943	0.70942	0.88366	1.0	857	4	-0.065943
rs114169440	8	0.0085051	0.0057854	0.09162	65	5	-0.17258	0.71132	0.82669	1.0	858	1	-0.17258
rs12493107	8	0.51412	0.55149	0.798796	760	2	-0.32448	0.71178	0.82669	1.0	859	2	-0.32448
LINC00899	16	0.24152	0.25852	0.623992	465	7	-0.073941	0.71402	0.88553	1.0	860	4	-0.073941
rs9495285	8	0.71678	0.71367	0.87352	893	2	-0.0074956	0.71497	0.82669	1.0	861	1	-0.0074956
MYBBP1A	16	0.050221	0.041442	0.273619	167	8	-0.088873	0.71504	0.88553	1.0	862	3	-0.088873
rs7278985	8	0.038102	0.03204	0.244444	138	5	-0.13938	0.71588	0.82669	1.0	863	1	-0.13938
HEBP2	16	0.23	0.22786	0.585721	449	5	0.0076709	0.71635	0.88554	1.0	864	3	0.0076709
rs11155661	8	0.29788	0.33725	0.674114	538	1	-0.011742	0.71724	0.82669	1.0	865	1	-0.011742
rs4921914	8	0.98726	0.97909	1.0	1067	0	0.017566	0.71735	0.82669	1.0	866	2	0.017566
rs10051260	8	0.14554	0.14454	0.494075	314	4	-0.11354	0.72082	0.8316	1.0	867	1	-0.11354
CD28	16	0.38475	0.42574	0.71901	634	5	-0.046536	0.72132	0.8899	1.0	868	3	-0.046536
MEIKIN	16	0.12648	0.11726	0.453637	283	5	-0.075916	0.72377	0.89087	1.0	869	2	-0.075916
rs36188641	8	0.98967	0.98493	1.0	1069	0	0.032783	0.72413	0.83161	1.0	870	2	0.032783
rs58441148	7	0.38477	0.41725	0.70907	635	2	0.030848	0.72442	0.78929	1.0	871	1	0.030848
rs6914274	8	0.014393	0.010858	0.134598	87	5	-0.14378	0.73327	0.83454	1.0	872	1	-0.14378
rs68021750	8	0.19967	0.22177	0.580253	403	3	-0.060471	0.73899	0.83636	1.0	873	1	-0.060471
rs10789120	4	0.38259	0.40644	0.6983	633	2	-0.2239	0.7414	0.74807	1.0	874	1	-0.2239
rs9879870	8	0.16828	0.17479	0.528277	351	4	-0.19744	0.74316	0.84007	1.0	875	1	-0.19744
rs9739171	8	0.3231	0.35334	0.674431	564	3	-0.053047	0.74399	0.84007	1.0	876	1	-0.053047
MCM3	16	2.6875e-05	4.5376e-06	0.000248	19	12	-0.20707	0.74572	0.90389	1.0	877	1	-0.20707
rs71565344	8	0.14483	0.14454	0.494075	313	3	-0.0092978	0.74911	0.84008	1.0	878	1	-0.0092978
C9orf163	16	0.043137	0.034372	0.253378	150	9	-0.09735	0.75279	0.90469	1.0	879	2	-0.09735
GPS2	16	0.010909	0.0057945	0.09162	74	10	-0.11258	0.75943	0.90837	1.0	880	3	-0.11258
rs11657194	5	0.81081	0.72976	0.879653	956	1	-0.13641	0.76037	0.7749	1.0	881	1	-0.13641
rs7873387	8	0.88156	0.83682	0.92781	989	1	-0.016235	0.76508	0.84201	1.0	882	1	-0.016235
CDH13	16	0.22199	0.21808	0.576115	439	6	-0.052042	0.76712	0.9111	1.0	883	3	-0.052042
MIR1183	4	0.73227	0.63292	0.838009	903	1	-0.071713	0.7693	0.76388	1.0	884	0	-0.071713
rs17511331	8	0.10135	0.094486	0.402783	253	4	-0.083582	0.7702	0.84387	1.0	885	1	-0.083582
rs484195	7	0.25457	0.27148	0.639301	485	3	-0.079709	0.77495	0.81339	1.0	886	1	-0.079709
rs200376506	4	0.14738	0.15428	0.511616	319	1	0.098913	0.77635	0.77537	1.0	887	0	0.098913
rs4687625	8	0.67507	0.67811	0.851343	872	2	-0.018547	0.77943	0.8473	1.0	888	1	-0.018547
ZNF833P	16	0.45243	0.51831	0.777827	702	6	-0.021053	0.781	0.91377	1.0	889	3	-0.021053
ZNF77	16	0.998	0.99292	1.0	1081	1	0.032115	0.78286	0.9146	1.0	890	2	0.032115
rs7603427	8	0.088319	0.084703	0.398323	230	4	-0.32636	0.78392	0.84911	1.0	891	1	-0.32636
rs11090617	8	0.15857	0.1705	0.528277	333	3	0.013209	0.78851	0.85072	1.0	892	1	0.013209
TIAM1	16	0.81929	0.85105	0.938817	962	3	0.027678	0.79091	0.91773	1.0	893	3	0.027678
OTX1	16	0.0016112	0.0006398	0.021152	35	10	-0.11581	0.79116	0.91773	1.0	894	2	-0.11581
rs8082661	4	0.23124	0.22527	0.58377	450	2	-0.35761	0.79207	0.79668	1.0	895	0	-0.35761
WNT9B	16	0.64934	0.70714	0.87352	856	5	-0.029543	0.79318	0.91774	1.0	896	2	-0.029543
PHF23	16	0.018617	0.013445	0.151322	96	9	-0.15871	0.79365	0.91774	1.0	897	1	-0.15871
rs3846661	7	0.064508	0.057523	0.313787	196	4	-0.91553	0.79503	0.82081	1.0	898	1	-0.91553
rs5471	8	0.64298	0.65387	0.840217	852	1	-0.014551	0.79641	0.85267	1.0	899	1	-0.014551
rs9825431	8	0.33054	0.35886	0.674431	578	3	-0.023982	0.80126	0.85268	1.0	900	1	-0.023982
MIR6891	4	0.41168	0.43558	0.724425	664	1	-0.014398	0.80185	0.81592	1.0	901	0	-0.014398
rs2684889	8	0.016208	0.012165	0.141194	93	6	-0.36063	0.80275	0.85268	1.0	902	1	-0.36063
rs484084	8	0.082094	0.075646	0.371755	219	4	-0.042106	0.80406	0.85268	1.0	903	1	-0.042106
rs111234557	4	0.36535	0.3827	0.687858	613	2	-0.21499	0.80436	0.81592	1.0	904	0	-0.21499
rs146992118	8	0.16025	0.17051	0.528277	339	4	-0.2076	0.80438	0.85268	1.0	905	1	-0.2076
rs1976052	8	0.79759	0.78952	0.912459	948	1	0.036853	0.8052	0.85443	1.0	906	1	0.036853
rs13315871	8	0.059019	0.053357	0.304779	184	5	-0.16853	0.80536	0.85443	1.0	907	1	-0.16853
HIST1H2BH	16	0.018163	0.012764	0.146587	95	7	-0.14854	0.80658	0.92654	1.0	908	2	-0.14854
rs71422357	8	0.16183	0.17191	0.528277	341	4	-0.31901	0.80682	0.85443	1.0	909	1	-0.31901
rs13403	8	0.91603	0.8628	0.94648	1005	1	-0.062188	0.80746	0.85443	1.0	910	1	-0.062188
CYC1	16	2.1427e-06	4.5376e-06	0.000248	17	10	-0.35122	0.80803	0.92655	1.0	911	2	-0.35122
rs35472821	8	0.29237	0.32774	0.670329	531	3	-0.0094128	0.80891	0.85444	1.0	912	1	-0.0094128
rs630853	8	0.171	0.1748	0.528277	356	3	-0.041685	0.80907	0.85444	1.0	913	1	-0.041685
DHDDS	16	0.73368	0.76922	0.900454	907	4	-0.038107	0.80995	0.92655	1.0	914	3	-0.038107
rs585131	8	0.25027	0.29899	0.659559	479	3	-0.04102	0.81161	0.85444	1.0	915	1	-0.04102
USP24	16	0.23904	0.25388	0.615694	462	5	-0.029887	0.81201	0.92709	1.0	916	3	-0.029887
rs3891783	8	0.070624	0.059937	0.315899	204	5	-0.060697	0.81287	0.85624	1.0	917	1	-0.060697
ARID4B	16	0.033445	0.022257	0.201006	125	8	-0.093016	0.81348	0.92827	1.0	918	2	-0.093016
rs9495281	8	0.60516	0.64142	0.840217	824	2	0.0021844	0.81428	0.85807	1.0	919	1	0.0021844
rs6805539	8	0.12036	0.10421	0.419513	274	4	-0.19107	0.81474	0.85807	1.0	920	1	-0.19107
rs61946969	8	0.16665	0.17349	0.528277	347	4	-0.15715	0.81691	0.86192	1.0	921	1	-0.15715
rs13317835	4	0.28499	0.27424	0.639301	525	2	-0.051174	0.81695	0.82543	1.0	922	0	-0.051174
rs9860970	8	0.24397	0.29226	0.657436	470	3	-0.083612	0.81768	0.86192	1.0	923	1	-0.083612
rs206333	8	0.31575	0.35034	0.674114	556	2	-0.048273	0.82012	0.86376	1.0	924	1	-0.048273
HLA-DPA1	16	0.30559	0.34169	0.674114	549	6	-0.061238	0.82213	0.93573	1.0	925	3	-0.061238
rs9905073	8	0.2138	0.24396	0.603567	425	4	-0.061896	0.82313	0.86377	1.0	926	1	-0.061896
PSORS1C3	16	0.058096	0.047005	0.291855	181	7	-0.065557	0.82469	0.93726	1.0	927	2	-0.065557
rs9296403	8	0.035251	0.029208	0.234311	129	4	-0.34556	0.82624	0.86588	1.0	928	1	-0.34556
rs4671442	8	0.16	0.17051	0.528277	338	3	-0.056217	0.82815	0.86784	1.0	929	1	-0.056217
rs9669273	6	0.58144	0.5775	0.807657	810	2	0.057477	0.83007	0.85506	1.0	930	1	0.057477
rs2241340	8	0.21322	0.24396	0.603567	423	4	-0.089869	0.83018	0.86784	1.0	931	1	-0.089869
TMEM94	16	0.05095	0.042513	0.275792	169	5	-0.01551	0.83336	0.942	1.0	932	3	-0.01551
HIST1H2AE	16	0.15891	0.15048	0.500528	335	5	-0.033183	0.83448	0.94201	1.0	933	3	-0.033183
rs6865606	8	0.048421	0.042576	0.275792	163	5	-0.27747	0.8346	0.86785	1.0	934	1	-0.27747
CCNI2	16	0.78392	0.81411	0.924233	934	3	-0.017073	0.83541	0.94201	1.0	935	3	-0.017073
rs3007718	8	0.76998	0.75445	0.895652	929	2	-0.036861	0.84042	0.86985	1.0	936	1	-0.036861
rs11749300	8	0.086363	0.083423	0.397445	227	4	-0.19609	0.84633	0.87548	1.0	937	1	-0.19609
rs12450072	8	0.42329	0.45216	0.735189	674	3	-0.38703	0.84765	0.87548	1.0	938	1	-0.38703
CKS1B	16	0.73798	0.77375	0.904784	911	4	0.023492	0.84869	0.94801	1.0	939	3	0.023492
HIST1H2BG	16	0.04397	0.035171	0.257525	151	6	-0.062159	0.8499	0.94937	1.0	940	3	-0.062159
rs199816042	8	0.057033	0.052214	0.304779	176	5	-0.43364	0.85012	0.87549	1.0	941	1	-0.43364
rs6892566	8	0.96889	0.93928	0.98251	1046	0	-0.032151	0.8518	0.88287	1.0	942	1	-0.032151
PYY2	16	0.1505	0.14313	0.494075	323	6	-0.03057	0.85299	0.95018	1.0	943	2	-0.03057
LINC01602	12	0.039112	0.033129	0.248232	142	7	-0.353	0.85383	0.93091	1.0	944	2	-0.353
rs9646133	8	0.37001	0.38904	0.687926	620	3	-0.062878	0.85559	0.88483	1.0	945	1	-0.062878
rs4240624	8	0.73284	0.71899	0.87352	905	1	-0.0083859	0.85597	0.88483	1.0	946	1	-0.0083859
rs192185852	8	0.019191	0.015632	0.162518	99	4	-0.31452	0.85795	0.88666	1.0	947	1	-0.31452
rs147609613	8	0.42062	0.45216	0.735189	672	2	0.019481	0.85943	0.88667	1.0	948	1	0.019481
rs6770463	6	0.23822	0.25149	0.615182	461	3	-0.16913	0.85999	0.87537	1.0	949	1	-0.16913
rs145730801	6	0.026667	0.022293	0.201006	117	4	-0.27356	0.86196	0.87537	1.0	950	1	-0.27356
GMIP	16	0.08092	0.070872	0.357971	217	8	-0.076554	0.86387	0.95332	1.0	951	3	-0.076554
rs4621809	4	0.4693	0.46039	0.736484	717	1	-0.071086	0.8654	0.87617	1.0	952	0	-0.071086
RPS6	16	0.44603	0.51489	0.775894	697	5	-0.021239	0.86562	0.95333	1.0	953	3	-0.021239
rs148789830	8	0.51452	0.55682	0.803558	761	3	-0.14062	0.86624	0.89565	1.0	954	1	-0.14062
MAN2C1	16	0.2437	0.26279	0.632649	469	6	0.013662	0.86641	0.95333	1.0	955	3	0.013662
rs1475701	8	0.015133	0.011103	0.134598	90	6	-0.12703	0.86857	0.89933	1.0	956	1	-0.12703
rs217184	8	0.20236	0.22384	0.582847	409	3	-0.18706	0.87063	0.89933	1.0	957	1	-0.18706
rs207635	8	0.96816	0.93927	0.98251	1045	0	-0.12759	0.8751	0.89934	1.0	958	1	-0.12759
A1BG-AS1	16	0.3741	0.40173	0.6935	624	5	-0.026996	0.87681	0.95506	1.0	959	2	-0.026996
rs9302635	8	0.072833	0.06658	0.341026	209	4	-0.071154	0.88177	0.90479	1.0	960	1	-0.071154
rs12632265	8	0.12751	0.12344	0.467598	286	4	-0.27576	0.88355	0.90673	1.0	961	1	-0.27576
JAK2	16	0.61465	0.65962	0.840217	832	5	-0.0058843	0.88423	0.95836	1.0	962	2	-0.0058843
rs55731730	8	0.2469	0.29624	0.659559	475	2	-0.026378	0.88642	0.90674	1.0	963	1	-0.026378
rs2983356	8	0.049217	0.045671	0.28969	165	4	-0.088257	0.88682	0.90674	1.0	964	1	-0.088257
rs2304902	8	0.044	0.03881	0.273619	152	5	-0.23287	0.88723	0.90674	1.0	965	1	-0.23287
rs11687758	8	0.081508	0.075637	0.371755	218	5	-0.46027	0.88863	0.90674	1.0	966	1	-0.46027
rs3852860	8	0.21509	0.24397	0.603567	429	4	-0.081222	0.89256	0.91026	1.0	967	1	-0.081222
rs72807578	8	0.10226	0.0969	0.402783	257	2	0.010084	0.89304	0.91026	1.0	968	1	0.010084
rs17206161	8	0.012389	0.0084807	0.115656	80	5	-0.17627	0.89447	0.91027	1.0	969	1	-0.17627
RPS25	16	0.00077911	0.00026772	0.009736	30	11	-0.14302	0.90022	0.96424	1.0	970	2	-0.14302
rs34531599	8	0.10014	0.094486	0.402783	252	4	-0.069918	0.9022	0.91895	1.0	971	1	-0.069918
rs138937731	8	0.16507	0.17192	0.528277	344	4	-0.045503	0.90353	0.91895	1.0	972	1	-0.045503
rs7941030	8	0.49926	0.53275	0.793716	750	3	-0.060169	0.90733	0.92621	1.0	973	1	-0.060169
rs17569222	8	0.16546	0.17192	0.528277	345	3	-0.047753	0.90817	0.92621	1.0	974	1	-0.047753
rs13135092	8	0.29661	0.33725	0.674114	534	3	-0.0055029	0.90885	0.92621	1.0	975	1	-0.0055029
COA6	16	0.012353	0.007428	0.105246	79	7	-0.076894	0.90908	0.96691	1.0	976	1	-0.076894
rs11057273	8	0.18244	0.18586	0.529444	373	3	0.0028654	0.91059	0.92994	1.0	977	1	0.0028654
HIST1H3F	16	0.084361	0.075138	0.371755	224	7	-0.041409	0.91222	0.96867	1.0	978	2	-0.041409
RN7SK	16	0.00044042	5.8988e-05	0.002219	28	11	-0.19749	0.9127	0.96867	1.0	979	2	-0.19749
rs34005367	8	0.16881	0.17479	0.528277	352	4	-0.081827	0.91391	0.93169	1.0	980	1	-0.081827
rs506234	8	0.0077421	0.0053044	0.089033	64	6	-0.36196	0.91414	0.93169	1.0	981	1	-0.36196
rs80215559	4	0.28461	0.27424	0.639301	524	1	-0.014386	0.91429	0.92731	1.0	982	0	-0.014386
rs13087772	8	0.76951	0.75444	0.895652	928	2	-0.0693	0.91533	0.93371	1.0	983	1	-0.0693
rs72847183	8	0.24398	0.29226	0.657436	471	4	-0.10828	0.91564	0.93371	1.0	984	1	-0.10828
rs11130325	8	0.057833	0.052885	0.304779	178	4	-0.98759	0.9158	0.93371	1.0	985	1	-0.98759
rs6573954	8	0.1962	0.21764	0.576115	398	2	-0.02844	0.91657	0.93371	1.0	986	1	-0.02844
rs146902710	4	0.40617	0.42893	0.719616	657	2	-0.25897	0.91919	0.93141	1.0	987	0	-0.25897
rs6793560	8	0.67987	0.68661	0.859053	877	2	-0.057191	0.92052	0.93559	1.0	988	1	-0.057191
TEFM	16	1.3642e-09	4.5376e-06	0.000248	7	10	-0.27583	0.92068	0.97007	1.0	989	1	-0.27583
rs369615929	8	0.010916	0.0070015	0.100638	75	4	-0.076406	0.92096	0.93559	1.0	990	1	-0.076406
rs10683134	8	0.10333	0.0969	0.402783	259	4	-0.09945	0.92111	0.93559	1.0	991	1	-0.09945
rs35409678	8	0.36763	0.3868	0.687926	617	3	-0.31269	0.92173	0.93559	1.0	992	1	-0.31269
rs2731443	8	0.63414	0.65184	0.840217	850	2	-0.034856	0.92184	0.93559	1.0	993	1	-0.034856
rs886498	5	0.021929	0.016948	0.171205	103	4	-1.1199	0.9219	0.93027	1.0	994	0	-1.1199
SOD1	16	2.0043e-06	4.5376e-06	0.000248	16	12	-0.32487	0.92255	0.97064	1.0	995	1	-0.32487
rs34610142	8	0.77557	0.76571	0.900454	931	2	-0.080937	0.92322	0.9356	1.0	996	1	-0.080937
rs2983355	8	0.022071	0.018128	0.1796	105	3	-0.0072848	0.9238	0.9356	1.0	997	1	-0.0072848
rs2425072	8	0.025367	0.021041	0.1962	115	5	-0.13135	0.92514	0.9356	1.0	998	1	-0.13135
rs995000	8	0.070322	0.059937	0.315899	202	5	-0.081526	0.92543	0.9356	1.0	999	1	-0.081526
rs41290098	8	0.0068229	0.0044604	0.081106	59	5	-0.35895	0.92696	0.93739	1.0	1000	1	-0.35895
DDX28	16	3.0752e-09	4.5376e-06	0.000248	9	9	-0.14788	0.92759	0.97117	1.0	1001	1	-0.14788
rs9321687	8	0.53297	0.57622	0.807657	779	2	-0.068232	0.92764	0.93739	1.0	1002	1	-0.068232
rs77760339	8	0.241	0.29226	0.657436	464	3	-0.04531	0.92846	0.93739	1.0	1003	1	-0.04531
YBX2	16	0.013926	0.0086804	0.116917	84	10	-0.093733	0.93064	0.97224	1.0	1004	2	-0.093733
TMEM50A	16	0.03428	0.023428	0.2078	126	7	-0.03778	0.93155	0.97225	1.0	1005	2	-0.03778
rs58296576	8	0.17774	0.18272	0.529444	366	4	-0.055472	0.93177	0.9374	1.0	1006	1	-0.055472
rs12332961	8	0.013196	0.0093066	0.122331	82	5	-0.19948	0.93248	0.9374	1.0	1007	1	-0.19948
LINC00454	16	0.13784	0.12761	0.470048	303	4	-0.0095863	0.93307	0.97359	1.0	1008	2	-0.0095863
rs79317720	8	0.10441	0.096909	0.402783	261	3	-0.015701	0.93325	0.9374	1.0	1009	1	-0.015701
ZNF860	16	0.14844	0.14089	0.494075	320	4	0.023565	0.93391	0.97359	1.0	1010	2	0.023565
rs62182788	6	0.31086	0.34295	0.674114	552	2	-0.27846	0.93404	0.94153	1.0	1011	0	-0.27846
rs62122516	8	0.0034399	0.0019557	0.045608	46	5	-0.41265	0.93426	0.93946	1.0	1012	1	-0.41265
rs59483488	8	0.070431	0.059937	0.315899	203	5	-0.12461	0.936	0.94121	1.0	1013	0	-0.12461
rs73068329	8	0.2136	0.24396	0.603567	424	4	-0.06183	0.93746	0.94121	1.0	1014	0	-0.06183
rs2706379	8	0.14588	0.14454	0.494075	315	4	-0.071701	0.93758	0.94121	1.0	1015	0	-0.071701
rs2268024	8	0.060505	0.054691	0.307569	186	5	-0.48162	0.93806	0.94121	1.0	1016	0	-0.48162
rs9355297	8	0.17798	0.18272	0.529444	367	3	-0.059866	0.93818	0.94121	1.0	1017	0	-0.059866
rs62072466	8	0.046051	0.040507	0.273619	158	4	-0.18409	0.93977	0.94122	1.0	1018	0	-0.18409
rs33942861	8	0.32304	0.35334	0.674431	563	2	-0.0088875	0.94081	0.94122	1.0	1019	0	-0.0088875
EIF3G	16	0.024816	0.016258	0.165772	114	8	-0.090536	0.94133	0.97664	1.0	1020	2	-0.090536
rs117775940	8	0.90809	0.85597	0.943299	1000	1	-0.013199	0.94195	0.94303	1.0	1021	0	-0.013199
rs72911441	8	0.4087	0.43999	0.72621	660	2	-0.032916	0.94714	0.94665	1.0	1022	0	-0.032916
rs8017274	8	0.24796	0.29624	0.659559	478	3	-0.033014	0.94781	0.94666	1.0	1023	0	-0.033014
rs2425093	8	0.010037	0.0064297	0.096094	72	6	-0.52262	0.94794	0.94666	1.0	1024	0	-0.52262
rs2391211	8	0.2837	0.32193	0.667724	521	3	-0.033528	0.94833	0.94837	1.0	1025	0	-0.033528
rs7642198	8	0.21075	0.23299	0.585721	416	4	-0.12453	0.94858	0.94837	1.0	1026	0	-0.12453
rs780094	8	0.20061	0.22178	0.580253	406	4	-0.06678	0.95348	0.95604	1.0	1027	0	-0.06678
CITED2	16	0.0025249	0.0010119	0.027409	42	11	-0.1088	0.95505	0.98216	1.0	1028	1	-0.1088
SMARCA4	16	4.0898e-07	4.5376e-06	0.000248	14	12	-0.27397	0.95689	0.98289	1.0	1029	2	-0.27397
rs9907186	8	0.037634	0.031486	0.243628	137	4	-0.11932	0.9581	0.96036	1.0	1030	0	-0.11932
rs2522063	8	0.015413	0.011702	0.13739	91	6	-0.15458	0.95818	0.96169	1.0	1031	0	-0.15458
rs2425123	8	0.010276	0.0066385	0.097873	73	5	-0.1848	0.95915	0.96321	1.0	1032	0	-0.1848
SCAMP2	16	0.049054	0.04008	0.273619	164	7	-0.073602	0.95929	0.98314	1.0	1033	2	-0.073602
rs2013002	8	0.0055018	0.0036527	0.069915	54	6	-0.59328	0.96097	0.96672	1.0	1034	0	-0.59328
rs148599732	8	0.40139	0.4346	0.723898	652	3	-0.26625	0.96153	0.96672	1.0	1035	0	-0.26625
rs11218721	8	0.26352	0.31215	0.660202	497	4	-0.11761	0.96273	0.96673	1.0	1036	0	-0.11761
rs11937107	8	0.070775	0.059937	0.315899	207	5	-0.10942	0.96296	0.96778	1.0	1037	0	-0.10942
CDK2AP1	16	0.2095	0.19675	0.547598	415	7	-0.076881	0.965	0.98418	1.0	1038	2	-0.076881
PET117	16	6.4828e-10	4.5376e-06	0.000248	5	13	-0.3539	0.96681	0.98508	1.0	1039	1	-0.3539
PPCDC	16	0.024049	0.015641	0.162518	111	9	-0.10149	0.96791	0.98589	1.0	1040	2	-0.10149
HTRA1	16	0.25865	0.2883	0.657436	491	7	-0.070766	0.96796	0.98589	1.0	1041	2	-0.070766
rs563641	4	0.093005	0.09239	0.402783	240	2	-0.57083	0.96808	0.97792	1.0	1042	0	-0.57083
rs13017927	8	0.005091	0.0031627	0.06197	52	5	-0.21537	0.96843	0.97133	1.0	1043	0	-0.21537
rs57866767	8	0.66303	0.66296	0.841037	866	2	-0.11395	0.96869	0.97133	1.0	1044	0	-0.11395
rs12488527	8	0.26299	0.30888	0.659559	494	4	-0.13277	0.96876	0.97133	1.0	1045	0	-0.13277
rs143020224	8	0.0015959	0.00077593	0.023515	34	7	-0.81671	0.96882	0.97133	1.0	1046	0	-0.81671
rs12487445	8	0.090745	0.087525	0.399018	235	5	-0.074829	0.96899	0.97133	1.0	1047	0	-0.074829
ARID1A	16	3.2894e-07	4.5376e-06	0.000248	12	13	-0.18053	0.96996	0.98657	1.0	1048	1	-0.18053
rs7268253	8	0.062629	0.056751	0.311185	191	5	-0.23821	0.97008	0.97413	1.0	1049	0	-0.23821
rs35246381	8	0.52447	0.57271	0.807657	765	2	-0.011701	0.97248	0.97675	1.0	1050	0	-0.011701
rs34593937	8	0.014353	0.010595	0.134412	86	4	-0.094831	0.97269	0.97675	1.0	1051	0	-0.094831
SLC25A40	16	0.082491	0.071916	0.358267	221	8	-0.051627	0.9731	0.98684	1.0	1052	1	-0.051627
rs76129108	8	0.3757	0.39876	0.6935	628	2	-0.073807	0.97392	0.97758	1.0	1053	0	-0.073807
rs201147041	8	0.42372	0.45216	0.735189	675	3	-0.050008	0.97394	0.97758	1.0	1054	0	-0.050008
rs17212532	4	0.097399	0.09719	0.402783	249	3	-0.54458	0.97507	0.98355	1.0	1055	0	-0.54458
rs11694192	8	0.56515	0.60207	0.820935	798	2	-0.072586	0.97586	0.97839	1.0	1056	0	-0.072586
rs10154217	6	0.060974	0.051197	0.304779	187	4	-0.65653	0.97623	0.98136	1.0	1057	0	-0.65653
rs72654432	8	0.052762	0.04735	0.291855	173	5	-0.10572	0.97628	0.97839	1.0	1058	0	-0.10572
rs62122515	8	0.36982	0.38904	0.687926	619	3	-0.037792	0.97671	0.97913	1.0	1059	0	-0.037792
CARM1	16	0.00015393	3.1763e-05	0.001507	23	10	-0.14284	0.97675	0.9877	1.0	1060	1	-0.14284
rs9399698	4	0.095863	0.094794	0.402783	247	3	-0.24849	0.97955	0.98821	1.0	1061	0	-0.24849
rs3846728	8	0.11615	0.1032	0.418584	269	4	-0.094034	0.98498	0.98911	1.0	1062	0	-0.094034
rs73050216	7	0.36663	0.39878	0.6935	615	3	-0.25237	0.98778	0.99064	1.0	1063	0	-0.25237
LOC102723582	16	0.024589	0.016249	0.165772	113	8	-0.23181	0.98827	0.99208	1.0	1064	1	-0.23181
rs55931203	8	0.0071684	0.0047871	0.081761	61	6	-1.0818	0.99042	0.99356	1.0	1065	0	-1.0818
rs7005978	8	0.092297	0.088133	0.399018	238	3	-0.056404	0.99232	0.9946	1.0	1066	0	-0.056404
rs12922191	8	0.010967	0.0070106	0.100638	76	5	-0.52668	0.99349	0.99562	1.0	1067	0	-0.52668
rs9322271	8	0.17975	0.18585	0.529444	369	3	-0.04734	0.99362	0.99563	1.0	1068	0	-0.04734
rs4687630	7	0.0040089	0.0025093	0.054752	48	5	-1.6714	0.99404	0.99567	1.0	1069	0	-1.6714
rs17111676	8	0.53738	0.58576	0.8103	782	3	-0.077578	0.99434	0.996	1.0	1070	0	-0.077578
KRI1	16	0.12813	0.119	0.457136	288	7	-0.03269	0.99516	0.99593	1.0	1071	1	-0.03269
rs6919804	8	0.12537	0.107	0.422962	281	3	-0.051961	0.99535	0.99703	1.0	1072	0	-0.051961
RBM14	16	9.3895e-09	4.5376e-06	0.000248	11	13	-0.37647	0.99538	0.99593	1.0	1073	1	-0.37647
BAG6	16	0.095816	0.090556	0.402783	246	7	-0.089965	0.99571	0.99614	1.0	1074	1	-0.089965
MROH2A	16	0.0061749	0.0030719	0.06197	57	8	-0.11881	0.99592	0.99637	1.0	1075	0	-0.11881
SQLE	16	3.8703e-07	4.5376e-06	0.000248	13	12	-0.21418	0.99613	0.99637	1.0	1076	0	-0.21418
rs2235215	8	0.014567	0.010858	0.134598	88	5	-0.15844	0.99688	0.99805	1.0	1077	0	-0.15844
RPUSD4	16	0.00029897	4.9913e-05	0.002017	27	12	-0.1838	0.99691	0.99676	1.0	1078	0	-0.1838
rs11759127	8	0.0072042	0.0047962	0.081761	62	6	-0.18693	0.997	0.99806	1.0	1079	0	-0.18693
ETV4	16	0.0017846	0.0007124	0.022207	36	9	-0.10497	0.99762	0.9974	1.0	1080	0	-0.10497
B3GNT2	16	0.016235	0.011385	0.136492	94	7	-0.079356	0.99875	0.99887	1.0	1081	0	-0.079356
rs8022315	8	0.0010925	0.00046737	0.015934	31	7	-0.46305	0.99893	0.99947	1.0	1082	0	-0.46305
rs9462858	8	6.7247e-07	4.5376e-06	0.000248	15	7	-0.38025	0.99981	0.99992	1.0	1083	0	-0.38025
TRIM38	16	0.039127	0.028292	0.230766	143	8	-0.090176	0.99998	1.0	1.0	1084	0	-0.090176
ACAT2	16	9.8892e-05	2.2688e-05	0.001125	22	13	-0.13286	0.99998	1.0	1.0	1085	0	-0.13286
MRPL33	16	2.8935e-05	4.5376e-06	0.000248	20	13	-0.23043	0.99998	1.0	1.0	1086	0	-0.23043
EIF4A1	16	2.1913e-09	4.5376e-06	0.000248	8	15	-0.26827	1.0	1.0	1.0	1087	0	-0.26827
RXRB	16	4.5054e-09	4.5376e-06	0.000248	10	14	-0.3678	1.0	1.0	1.0	1088	0	-0.3678
MYLIP	16	2.8008e-21	4.5376e-06	0.000248	1	16	-0.51014	1.0	1.0	1.0	1089	0	-0.51014
DR1	16	7.6338e-16	4.5376e-06	0.000248	2	16	-0.57741	1.0	1.0	1.0	1090	0	-0.57741
